[443952558373, [1, 12, 20, -22, -48, 14, 37, -3, -11, 0, 1]]
[513087549389, [1, 0, -18, 21, 30, -40, -11, 23, -2, -4, 1]]
[617567936161, [1, -9, 18, 15, -47, -11, 39, 5, -12, -1, 1]]
[645863308453, [-1, 3, 23, 14, -43, -31, 29, 15, -9, -2, 1]]
[653113904957, [-1, -3, 8, 17, -24, -23, 25, 9, -9, -1, 1]]
[769611580061, [-1, -3, 8, 25, -8, -41, 3, 22, -3, -4, 1]]
[782566688557, [-1, -4, 11, 29, -20, -40, 15, 19, -6, -3, 1]]
[820298081773, [-1, -2, 10, 13, -24, -22, 22, 12, -8, -2, 1]]
[822624971833, [-1, 3, 12, -10, -32, 10, 29, -3, -10, 0, 1]]
[823301450757, [1, -1, -18, 27, 27, -46, -8, 25, -3, -4, 1]]
[838055754181, [1, -3, -9, 31, -3, -43, 17, 17, -8, -2, 1]]
[911025153125, [-1, -4, 5, 27, -3, -41, 2, 22, -3, -4, 1]]
[913378895261, [1, -3, -13, 20, 30, -40, -15, 27, -3, -4, 1]]
[925108450304, [-1, -2, 12, 14, -29, -22, 24, 12, -8, -2, 1]]
[928565973197, [-1, 0, 16, 16, -32, -26, 24, 13, -8, -2, 1]]
[950202516997, [-1, -2, 21, -1, -44, 3, 33, -1, -10, 0, 1]]
[968074628125, [1, -13, 20, 28, -46, -23, 34, 8, -10, -1, 1]]
[983479472873, [-1, -3, 6, 17, -15, -28, 17, 15, -8, -2, 1]]
[993530403125, [1, -10, 20, 21, -46, -18, 34, 7, -10, -1, 1]]
[995293579409, [1, -6, 0, 26, -11, -35, 17, 16, -8, -2, 1]]
[1056719528125, [-1, -7, 10, 41, -36, -43, 35, 13, -11, -1, 1]]
[1071443843101, [-1, -6, 3, 32, -12, -40, 17, 17, -8, -2, 1]]
[1086015136753, [-1, -3, 8, 22, -18, -32, 19, 15, -8, -2, 1]]
[1102817328125, [1, -7, -2, 32, -5, -47, 15, 23, -10, -2, 1]]
[1125421834861, [1, -3, -8, 22, 11, -40, 1, 23, -6, -3, 1]]
[1129529628125, [1, 11, 25, -8, -53, -7, 36, 6, -10, -1, 1]]
[1131659253125, [-1, -6, 0, 31, 10, -48, -6, 28, -4, -4, 1]]
[1140241465757, [-1, -8, 10, 31, -25, -36, 22, 15, -8, -2, 1]]
[1142405128125, [1, -3, -9, 27, 15, -49, 4, 23, -6, -3, 1]]
[1148718338533, [-1, 2, 19, 8, -44, -18, 35, 9, -11, -1, 1]]
[1172459165509, [1, 7, 3, -38, -42, 29, 40, -6, -12, 0, 1]]
[1175858493445, [-1, -9, -13, 43, 33, -55, -17, 28, 0, -5, 1]]
[1185241902869, [-1, 0, 26, 47, -30, -60, 20, 25, -8, -3, 1]]
[1237140740093, [5, -23, 8, 59, -33, -50, 28, 17, -9, -2, 1]]
[1253482128125, [1, -7, 8, 24, -31, -26, 31, 9, -10, -1, 1]]
[1261262503125, [1, -9, -18, 56, 9, -64, 10, 25, -7, -3, 1]]
[1273821942101, [1, -6, 3, 24, -17, -31, 20, 14, -8, -2, 1]]
[1311048326717, [-1, -5, 7, 36, -33, -35, 31, 11, -10, -1, 1]]
[1318658498621, [1, -11, 23, 25, -50, -22, 35, 8, -10, -1, 1]]
[1344759863077, [1, -9, 7, 43, -28, -50, 30, 18, -10, -2, 1]]
[1355940128125, [1, -6, 4, 24, -21, -30, 25, 12, -10, -1, 1]]
[1369795977517, [-1, -2, 14, 8, -34, -11, 28, 6, -9, -1, 1]]
[1393493091893, [-1, -4, 8, 25, -34, -26, 32, 9, -10, -1, 1]]
[1406641653125, [-19, -25, 57, 64, -66, -54, 37, 18, -10, -2, 1]]
[1426013608589, [-1, 1, 11, -1, -31, -4, 31, 5, -10, -1, 1]]
[1429982431937, [-1, 1, 10, -4, -29, 4, 30, -1, -10, 0, 1]]
[1457115084301, [-1, -3, 7, 18, -21, -28, 23, 14, -9, -2, 1]]
[1466566140909, [-1, -2, 10, 14, -32, -20, 30, 11, -10, -2, 1]]
[1471591698461, [-1, 7, 28, -2, -54, -9, 36, 6, -10, -1, 1]]
[1480941024733, [1, -7, 3, 32, -16, -38, 19, 16, -8, -2, 1]]
[1482795878125, [1, -3, -9, 30, 3, -50, 17, 20, -9, -2, 1]]
[1485695628125, [11, -24, -25, 71, 11, -69, 9, 26, -7, -3, 1]]
[1505259949069, [-1, 4, 22, 1, -51, -11, 39, 7, -11, -1, 1]]
[1507939003125, [-1, -7, 10, 31, -25, -40, 24, 17, -9, -2, 1]]
[1513588058741, [1, -9, -4, 48, -14, -66, 39, 16, -12, -1, 1]]
[1531461672449, [-1, -16, 4, 50, -10, -51, 12, 21, -6, -3, 1]]
[1537158528125, [-5, -20, 1, 61, 6, -63, 1, 27, -4, -4, 1]]
[1543016277757, [1, -9, 3, 36, -16, -41, 20, 16, -8, -2, 1]]
[1567972937789, [-1, 13, -40, 21, 56, -55, -15, 28, -3, -4, 1]]
[1569279344237, [1, -1, -16, 26, 27, -54, 2, 24, -6, -3, 1]]
[1575264597461, [-1, 2, 11, -8, -30, 10, 29, -3, -10, 0, 1]]
[1575560403125, [-1, -3, 23, 0, -58, 8, 45, -2, -12, 0, 1]]
[1578153695057, [1, -4, -12, 25, 21, -39, -8, 22, -2, -4, 1]]
[1596006289853, [-1, -1, 18, 14, -39, -20, 32, 8, -10, -1, 1]]
[1613071431001, [1, -3, -15, 25, 29, -47, -8, 25, -3, -4, 1]]
[1646448878125, [-1, -5, 3, 30, -5, -51, 21, 19, -9, -2, 1]]
[1659927378125, [1, -10, 3, 45, -30, -48, 36, 13, -11, -1, 1]]
[1687684377149, [1, -7, -1, 40, -7, -54, 12, 24, -7, -3, 1]]
[1702114778125, [-1, -1, 15, 28, -18, -47, 8, 24, -4, -4, 1]]
[1704131819776, [-1, 0, 16, 0, -44, 0, 34, 0, -10, 0, 1]]
[1706021125901, [1, 9, 13, -47, -77, 20, 54, -2, -13, 0, 1]]
[1707505686917, [1, 7, 10, -21, -47, 9, 39, -1, -11, 0, 1]]
[1780185185549, [1, -5, 0, 30, -31, -27, 35, 9, -11, -1, 1]]
[1807334539264, [-1, -6, 1, 28, 3, -44, -1, 26, -4, -4, 1]]
[1820812028125, [-1, -7, 25, 38, -48, -46, 33, 18, -10, -2, 1]]
[1852740976333, [1, -3, -11, 28, 19, -48, -5, 27, -4, -4, 1]]
[1875686064953, [-1, 4, 14, -16, -39, 16, 35, -4, -11, 0, 1]]
[1884917982208, [1, -10, -19, 44, 28, -56, -7, 26, -3, -4, 1]]
[1911472350553, [1, 7, 7, -23, -30, 23, 32, -6, -11, 0, 1]]
[1931381815625, [-1, -2, 20, 16, -43, -25, 31, 13, -9, -2, 1]]
[1935675676777, [-1, -7, -4, 36, 16, -50, -5, 25, -3, -4, 1]]
[1937423486029, [1, -3, -8, 23, 16, -43, -3, 27, -7, -3, 1]]
[1953336210512, [-1, 0, 14, 5, -34, -10, 28, 6, -9, -1, 1]]
[1958895690625, [-1, -3, 15, 13, -35, -16, 28, 7, -9, -1, 1]]
[1959432609997, [1, 0, -18, 25, 30, -51, -6, 29, -7, -3, 1]]
[1977770526893, [1, 6, 3, -28, -30, 28, 36, -5, -11, 0, 1]]
[1981276028125, [-1, -5, 15, 28, -34, -36, 29, 16, -10, -2, 1]]
[1989143628125, [-1, -1, 12, 13, -30, -22, 26, 12, -9, -2, 1]]
[1993009097197, [-1, 1, 19, -18, -51, 15, 39, -3, -11, 0, 1]]
[1993108000669, [1, -8, 14, 16, -43, -13, 38, 7, -11, -1, 1]]
[1994625941504, [1, 8, 14, -16, -39, 10, 32, -2, -10, 0, 1]]
[2008019565625, [1, -8, 10, 34, -35, -36, 35, 11, -11, -1, 1]]
[2012919003125, [-1, -2, 10, 16, -28, -25, 26, 13, -9, -2, 1]]
[2017764235693, [-1, 1, 13, -2, -36, 3, 31, -1, -10, 0, 1]]
[2024272461997, [1, -4, -3, 25, -10, -36, 20, 16, -9, -2, 1]]
[2044004778125, [1, -34, 27, 75, -54, -57, 36, 18, -10, -2, 1]]
[2057251317689, [-4, 10, 41, -15, -70, 7, 43, -1, -11, 0, 1]]
[2061312753125, [-1, -2, 22, -2, -46, 4, 34, -1, -10, 0, 1]]
[2062590684013, [-1, -14, 10, 54, -16, -58, 16, 23, -7, -3, 1]]
[2077116340625, [5, -15, -11, 53, 0, -58, 13, 23, -7, -3, 1]]
[2102654874077, [1, -3, -7, 24, 8, -51, 17, 20, -9, -2, 1]]
[2103094840589, [1, -2, -11, 14, 28, -28, -20, 21, 2, -5, 1]]
[2104329315625, [-4, 2, 37, -8, -65, 6, 42, -1, -11, 0, 1]]
[2109137628125, [1, 11, 26, -25, -57, 16, 40, -3, -11, 0, 1]]
[2109559253125, [1, -8, -34, 47, 48, -67, -12, 31, -4, -4, 1]]
[2110935503125, [-1, -3, 19, 14, -59, -6, 47, 0, -13, 0, 1]]
[2112566804973, [-1, 1, 13, -1, -34, -1, 31, 0, -10, 0, 1]]
[2123384396013, [-1, -5, 9, 27, -17, -39, 14, 19, -6, -3, 1]]
[2134795180877, [-1, 0, 12, 4, -39, -19, 30, 12, -9, -2, 1]]
[2170033278125, [1, -6, 2, 28, -18, -41, 18, 20, -7, -3, 1]]
[2171064538561, [-1, 12, 24, -31, -62, 15, 42, -2, -11, 0, 1]]
[2171372122873, [1, 11, 32, 3, -69, -23, 46, 10, -12, -1, 1]]
[2180753847037, [-1, -1, 11, 4, -32, -7, 30, 5, -10, -1, 1]]
[2183175253125, [-1, 5, 17, -18, -51, 9, 39, -1, -11, 0, 1]]
[2194349342797, [-1, -14, 15, 44, -34, -45, 27, 17, -9, -2, 1]]
[2195004550000, [1, -6, 5, 22, -27, -25, 31, 11, -11, -1, 1]]
[2195670595544, [-2, 0, 17, -2, -39, 3, 32, -1, -10, 0, 1]]
[2197821606893, [-1, -2, 10, 21, -18, -37, 18, 21, -10, -2, 1]]
[2214310433021, [-1, -13, 3, 44, -7, -49, 11, 21, -6, -3, 1]]
[2286865403357, [1, -4, -9, 34, -2, -46, 13, 21, -7, -3, 1]]
[2297538654749, [-1, -7, -4, 32, 16, -55, 0, 30, -8, -3, 1]]
[2309951528125, [-1, -6, 30, 17, -61, -17, 41, 7, -11, -1, 1]]
[2342368019245, [-1, 9, -23, -2, 72, -61, -18, 32, -4, -4, 1]]
[2344679922873, [-1, -2, 12, 27, -18, -45, 15, 22, -7, -3, 1]]
[2349838017113, [1, 0, -16, 12, 36, -29, -23, 22, 2, -5, 1]]
[2356861815625, [-1, -1, 17, 28, -30, -42, 26, 17, -9, -2, 1]]
[2368117028125, [1, -4, -6, 32, -2, -47, 12, 22, -7, -3, 1]]
[2372267442176, [1, -4, -10, 24, 19, -38, -8, 22, -2, -4, 1]]
[2383725278125, [1, 4, -5, -36, -27, 39, 42, -6, -12, 0, 1]]
[2412986842241, [1, -11, 11, 35, -33, -37, 28, 15, -9, -2, 1]]
[2442159735893, [1, -5, 1, 23, -17, -30, 22, 14, -9, -2, 1]]
[2467196253125, [-1, -2, 10, 10, -27, -15, 26, 7, -9, -1, 1]]
[2470850051021, [-1, 10, -32, 25, 43, -60, -8, 29, -4, -4, 1]]
[2490005403125, [-5, -10, 26, 32, -45, -30, 33, 10, -10, -1, 1]]
[2505570811904, [1, -2, -11, 20, 21, -36, -9, 22, -2, -4, 1]]
[2508259550000, [-1, -2, 10, 14, -29, -21, 29, 9, -10, -1, 1]]
[2529518215625, [-1, -5, 13, 51, -20, -58, 17, 23, -7, -3, 1]]
[2532033378125, [-1, -5, 9, 31, -15, -43, 13, 20, -6, -3, 1]]
[2535939715625, [-1, -17, 34, 40, -63, -32, 41, 10, -11, -1, 1]]
[2542111578125, [1, -6, -4, 36, 2, -57, 12, 24, -7, -3, 1]]
[2571640645265, [1, 8, 12, -26, -49, 25, 45, -4, -12, 0, 1]]
[2573858170877, [1, -10, 14, 33, -35, -34, 28, 14, -9, -2, 1]]
[2585491128125, [-1, 1, 19, 16, -40, -29, 29, 14, -9, -2, 1]]
[2594091826237, [-1, -4, 5, 22, -14, -33, 17, 16, -8, -2, 1]]
[2601619878125, [1, -4, -4, 27, -8, -38, 18, 16, -8, -2, 1]]
[2608773878125, [-1, -5, 5, 31, -2, -49, 1, 26, -4, -4, 1]]
[2647910550077, [1, -6, 0, 33, -3, -48, 9, 24, -7, -3, 1]]
[2653224840625, [1, -3, -7, 27, -2, -45, 20, 18, -9, -2, 1]]
[2677368753125, [-1, -9, -4, 59, -18, -71, 33, 22, -11, -2, 1]]
[2681371403125, [1, -5, -5, 32, 2, -48, 11, 22, -7, -3, 1]]
[2711793878125, [1, -4, -12, 29, 27, -63, 6, 26, -7, -3, 1]]
[2725278130837, [1, -7, 0, 37, -10, -47, 15, 21, -7, -3, 1]]
[2734926721417, [1, -7, 4, 30, -18, -39, 18, 19, -7, -3, 1]]
[2743063777817, [1, 9, 18, -15, -45, 7, 34, -1, -10, 0, 1]]
[2786136340625, [4, -6, -23, 33, 36, -51, -18, 28, 0, -5, 1]]
[2791850316769, [1, 5, -35, 40, 36, -72, 4, 30, -8, -3, 1]]
[2796788944112, [1, -6, -3, 33, -9, -45, 19, 19, -9, -2, 1]]
[2802867378125, [1, -6, 2, 28, -18, -40, 25, 19, -11, -2, 1]]
[2803275878125, [1, 2, -35, 65, 2, -73, 26, 22, -10, -2, 1]]
[2808868878125, [-1, 6, 24, -2, -49, -8, 35, 6, -10, -1, 1]]
[2817955142645, [-1, -10, 44, -5, -95, 20, 66, -4, -15, 0, 1]]
[2829637453869, [-1, 6, 13, -26, -46, 19, 39, -3, -11, 0, 1]]
[2833042815625, [-4, -38, 25, 90, -38, -74, 25, 25, -8, -3, 1]]
[2836322508797, [1, -9, -12, 48, 4, -54, 9, 22, -6, -3, 1]]
[2836711616909, [1, -5, -3, 32, -7, -42, 17, 17, -8, -2, 1]]
[2837059765913, [-1, -11, 22, 29, -47, -26, 34, 9, -10, -1, 1]]
[2837392015936, [-1, 0, 32, 0, -64, 0, 42, 0, -11, 0, 1]]
[2839753203125, [1, 2, -23, 17, 45, -40, -24, 26, 1, -5, 1]]
[2841650918032, [-4, -8, 24, 30, -48, -32, 37, 11, -11, -1, 1]]
[2845513750429, [-1, 0, 14, 12, -35, -35, 22, 19, -7, -3, 1]]
[2857829359409, [-1, -2, 11, 13, -31, -18, 29, 8, -10, -1, 1]]
[2858046960373, [1, -13, 33, 38, -67, -40, 43, 16, -11, -2, 1]]
[2858763278125, [-1, 13, 43, -1, -71, -13, 43, 7, -11, -1, 1]]
[2865827833577, [-1, -2, 17, 15, -42, -23, 37, 10, -12, -1, 1]]
[2869965784409, [-1, -6, 2, 34, 2, -50, 1, 26, -4, -4, 1]]
[2902226190625, [1, 12, 28, -8, -60, -9, 41, 7, -11, -1, 1]]
[2904184881152, [-1, 4, 14, -20, -41, 22, 38, -6, -12, 0, 1]]
[2912666753125, [-1, 2, 23, -7, -51, 7, 38, -2, -11, 0, 1]]
[2915420815625, [1, 8, 14, -18, -45, 8, 39, 3, -11, -1, 1]]
[2938238644357, [1, 8, 13, -17, -38, 11, 32, -2, -10, 0, 1]]
[2946240703125, [-5, 0, 30, 0, -55, 0, 39, 0, -11, 0, 1]]
[2954050015625, [1, -11, 30, 8, -59, 1, 40, -1, -11, 0, 1]]
[2963583578125, [11, -27, -32, 76, 27, -73, -3, 29, -4, -4, 1]]
[2972305937408, [1, 6, 6, -20, -31, 18, 33, -4, -11, 0, 1]]
[2976342013693, [1, -2, -13, 15, 30, -29, -20, 21, 2, -5, 1]]
[2979303311165, [1, 4, -34, 42, 33, -67, 4, 27, -7, -3, 1]]
[2992855204457, [-1, 1, 10, -5, -30, 6, 29, -2, -10, 0, 1]]
[3027840775444, [-2, -4, 16, 25, -36, -30, 32, 10, -10, -1, 1]]
[3031285949301, [1, -4, -5, 29, -7, -46, 24, 18, -10, -2, 1]]
[3092953016537, [-1, 11, -42, 59, 3, -66, 25, 21, -10, -2, 1]]
[3101119745341, [-1, 2, 10, -12, -32, 12, 30, -3, -10, 0, 1]]
[3155043461509, [-1, -4, 7, 22, -15, -34, 14, 18, -6, -3, 1]]
[3162795438977, [1, 11, 32, 0, -64, -22, 39, 13, -10, -2, 1]]
[3164195613309, [3, -21, 14, 50, -38, -44, 29, 16, -9, -2, 1]]
[3171756563776, [-1, 1, 12, -1, -34, -2, 32, 3, -11, -1, 1]]
[3180732610477, [1, -5, -11, 51, -15, -52, 24, 18, -9, -2, 1]]
[3192208690625, [4, -10, -17, 39, 22, -50, -6, 25, -3, -4, 1]]
[3195947414061, [1, -7, 1, 31, -11, -40, 13, 19, -6, -3, 1]]
[3207174374725, [-5, -5, 30, 18, -58, -24, 43, 14, -11, -2, 1]]
[3215246694173, [-1, -4, 12, 17, -31, -20, 27, 8, -9, -1, 1]]
[3221545606589, [1, -8, 11, 25, -36, -25, 32, 9, -10, -1, 1]]
[3222676028125, [-1, -4, 7, 37, 11, -49, -13, 27, 0, -5, 1]]
[3232569524224, [1, -4, -10, 26, 22, -46, -9, 28, -4, -4, 1]]
[3249784002061, [1, -6, 5, 23, -27, -32, 30, 16, -10, -2, 1]]
[3250106565625, [1, 2, -19, 11, 41, -33, -24, 25, 1, -5, 1]]
[3252762190625, [1, 10, 16, -33, -46, 29, 41, -6, -12, 0, 1]]
[3256446753125, [1, -8, 11, 30, -32, -35, 27, 15, -9, -2, 1]]
[3263549116912, [-7, 0, 44, 0, -68, 0, 42, 0, -11, 0, 1]]
[3277687628125, [-1, -1, 14, -1, -36, 4, 32, -1, -10, 0, 1]]
[3280763065625, [1, -6, -9, 32, 21, -51, -9, 29, -4, -4, 1]]
[3282709222957, [-1, 0, 13, 8, -32, -14, 27, 7, -9, -1, 1]]
[3287598198061, [1, -4, -5, 26, -1, -40, 10, 20, -6, -3, 1]]
[3291996403125, [1, -5, -8, 40, -12, -47, 22, 18, -9, -2, 1]]
[3296567628125, [-1, -3, 18, 34, -41, -48, 33, 18, -10, -2, 1]]
[3303091095488, [-1, -7, -1, 31, 9, -46, -4, 27, -4, -4, 1]]
[3308307000256, [-1, 1, 13, -3, -42, -7, 34, 6, -10, -1, 1]]
[3315838679789, [1, -3, -11, 22, 26, -43, -11, 26, -3, -4, 1]]
[3320687998525, [-1, -12, 36, 11, -65, -2, 42, 0, -11, 0, 1]]
[3343426070389, [1, 7, 6, -34, -48, 29, 50, -4, -13, 0, 1]]
[3369887595188, [1, 7, 8, -30, -54, 14, 44, -1, -12, 0, 1]]
[3372427390293, [1, 12, 32, -23, -69, 10, 46, -1, -12, 0, 1]]
[3407273687141, [1, -4, -16, 69, -36, -53, 38, 13, -11, -1, 1]]
[3412138787977, [1, -4, -4, 27, -9, -38, 19, 17, -9, -2, 1]]
[3413846571693, [-1, -8, -1, 35, 8, -48, -2, 24, -3, -4, 1]]
[3427446754381, [1, -9, 19, 12, -48, -4, 39, 0, -12, 0, 1]]
[3436011653125, [-1, -8, 14, 32, -38, -38, 33, 16, -10, -2, 1]]
[3453020641017, [3, -9, -12, 38, 15, -49, -3, 24, -3, -4, 1]]
[3454417607077, [-1, -3, 9, 15, -26, -24, 28, 14, -10, -2, 1]]
[3471050560301, [-1, -4, 14, 20, -36, -31, 30, 18, -9, -3, 1]]
[3475885090625, [-1, 2, 31, 26, -53, -40, 34, 17, -10, -2, 1]]
[3477129430301, [1, -7, 0, 33, -14, -43, 21, 18, -9, -2, 1]]
[3483935796757, [-1, 1, 26, 37, -31, -51, 19, 22, -7, -3, 1]]
[3485125802861, [-1, 0, 15, 6, -35, -11, 28, 6, -9, -1, 1]]
[3487343440625, [1, 8, 9, -26, -41, 21, 43, -3, -12, 0, 1]]
[3516668147309, [-1, -3, 8, 18, -20, -31, 19, 18, -7, -3, 1]]
[3519966715625, [1, 0, -14, 7, 48, -46, -17, 28, -3, -4, 1]]
[3529290878473, [1, -1, -24, 44, 16, -56, 6, 23, -6, -3, 1]]
[3530693065625, [1, 14, 27, -28, -57, 17, 40, -3, -11, 0, 1]]
[3539848164121, [-1, -8, 10, 37, -34, -35, 31, 11, -10, -1, 1]]
[3539956128125, [5, -5, -31, 36, 42, -56, -11, 27, -3, -4, 1]]
[3567418799437, [-1, -1, 12, 14, -27, -25, 23, 13, -8, -2, 1]]
[3567655918981, [1, -2, -11, 20, 27, -37, -18, 24, 1, -5, 1]]
[3581366723437, [-1, -6, 5, 43, -30, -48, 36, 13, -11, -1, 1]]
[3582703010701, [-1, 0, 10, -1, -28, 3, 28, -1, -10, 0, 1]]
[3592568400749, [-1, -6, 1, 32, -5, -42, 10, 20, -6, -3, 1]]
[3594788065625, [-1, 13, -50, 58, 32, -83, 11, 29, -8, -3, 1]]
[3598895940625, [-1, -3, 7, 17, -20, -27, 22, 14, -9, -2, 1]]
[3601460153125, [1, 9, -45, 35, 54, -65, -11, 30, -4, -4, 1]]
[3618316503125, [1, -7, 2, 50, -46, -45, 44, 12, -12, -1, 1]]
[3621268234432, [1, -7, -3, 37, -9, -44, 18, 17, -8, -2, 1]]
[3623147582581, [-5, -18, 9, 58, -6, -61, 5, 26, -4, -4, 1]]
[3665024164864, [-1, 6, 33, 16, -53, -30, 32, 14, -9, -2, 1]]
[3675006948601, [1, 8, 12, -32, -71, 5, 50, 5, -12, -1, 1]]
[3686032283509, [1, -6, 0, 31, -18, -42, 26, 18, -10, -2, 1]]
[3696300582313, [-1, -11, -14, 44, 25, -55, -7, 26, -3, -4, 1]]
[3697826779061, [1, -7, -3, 34, -2, -50, 12, 23, -7, -3, 1]]
[3719402871677, [1, -10, -21, 50, 27, -63, -4, 28, -4, -4, 1]]
[3723191600077, [1, -7, 10, 19, -39, -17, 37, 8, -11, -1, 1]]
[3728399528125, [-1, -5, 7, 26, -12, -37, 12, 19, -6, -3, 1]]
[3742381376429, [-1, 2, 14, -21, -41, 22, 38, -4, -11, 0, 1]]
[3742445237849, [2, -7, -7, 34, 7, -49, 5, 25, -7, -3, 1]]
[3744566823265, [-1, -2, 8, 14, -19, -25, 19, 14, -8, -2, 1]]
[3750899778125, [-1, -2, 18, 9, -46, -13, 38, 7, -11, -1, 1]]
[3768792878125, [1, 6, 6, -20, -32, 16, 35, -3, -11, 0, 1]]
[3773288593664, [-1, -5, 3, 28, -6, -42, 9, 21, -6, -3, 1]]
[3784829003125, [1, -14, -7, 49, 7, -58, 6, 26, -7, -3, 1]]
[3798829372193, [-1, 0, 18, 1, -42, -1, 33, 0, -10, 0, 1]]
[3864244215625, [1, -2, -13, 31, 10, -49, 7, 22, -6, -3, 1]]
[3870088137728, [1, -6, 3, 24, -19, -30, 21, 14, -8, -2, 1]]
[3872369525824, [-1, 0, 13, -4, -40, 6, 40, -2, -12, 0, 1]]
[3890908535237, [1, -5, -4, 28, 4, -42, 5, 22, -6, -3, 1]]
[3905271497557, [-1, -10, 31, 11, -59, -3, 40, 0, -11, 0, 1]]
[3914017628125, [-1, 0, 11, 2, -31, -7, 30, 5, -10, -1, 1]]
[3915713149309, [1, -4, -3, 22, -1, -36, 8, 20, -6, -3, 1]]
[3931632878125, [-1, -4, 7, 21, -17, -35, 17, 20, -7, -3, 1]]
[3946990075853, [1, -7, -41, 62, 48, -92, 3, 39, -13, -2, 1]]
[3955033908373, [1, -9, 8, 33, -32, -38, 32, 16, -11, -2, 1]]
[3959351078125, [-5, 35, -80, 40, 86, -95, -11, 38, -6, -4, 1]]
[3967964075237, [1, -4, -16, 63, -33, -51, 37, 13, -11, -1, 1]]
[3972200065625, [1, -4, -6, 34, -5, -59, 25, 21, -10, -2, 1]]
[3975628653125, [-1, -4, 18, 24, -37, -31, 28, 14, -9, -2, 1]]
[3979431277177, [1, -9, 22, 3, -54, 10, 45, -2, -12, 0, 1]]
[3994414465625, [1, -3, -8, 20, 23, -35, -18, 24, 1, -5, 1]]
[3994693663229, [1, -7, -7, 32, 11, -44, -2, 23, -3, -4, 1]]
[4009653401189, [1, -4, -10, 46, -8, -62, 26, 21, -10, -2, 1]]
[4010648855552, [1, 6, 5, -22, -28, 22, 31, -6, -11, 0, 1]]
[4014302552677, [1, -7, 8, 24, -34, -27, 36, 10, -12, -1, 1]]
[4035649628125, [-1, -7, -1, 34, 6, -49, 0, 26, -4, -4, 1]]
[4039065087053, [1, -8, 12, 26, -38, -28, 34, 11, -11, -1, 1]]
[4043707171941, [-3, -6, 20, 30, -41, -36, 35, 14, -12, -1, 1]]
[4049501946101, [-1, 3, 29, 24, -50, -37, 34, 16, -10, -2, 1]]
[4093051133488, [4, -12, -22, 52, 25, -64, -3, 28, -4, -4, 1]]
[4101511878125, [1, -9, 13, 38, -31, -45, 24, 20, -8, -3, 1]]
[4106420028125, [1, 9, 3, -54, -50, 38, 45, -6, -12, 0, 1]]
[4107271578125, [1, 10, -49, 32, 65, -67, -16, 32, -4, -4, 1]]
[4113043922501, [-1, -12, -6, 44, 11, -51, -2, 24, -3, -4, 1]]
[4117404111872, [5, -14, -22, 48, 27, -56, -7, 26, -3, -4, 1]]
[4144397253125, [-1, 21, 33, -50, -74, 28, 49, -4, -12, 0, 1]]
[4151391026273, [1, -6, 3, 26, -17, -34, 20, 15, -8, -2, 1]]
[4159282628125, [-1, -3, 11, 18, -27, -28, 25, 14, -9, -2, 1]]
[4163756050000, [4, -16, 2, 48, -25, -47, 26, 17, -9, -2, 1]]
[4176724171033, [-1, -3, 8, 20, -22, -31, 21, 17, -8, -3, 1]]
[4185305467813, [-1, 0, 24, 18, -62, -18, 45, 7, -12, -1, 1]]
[4191810278125, [5, 40, 59, -46, -95, 17, 52, -2, -12, 0, 1]]
[4192566003125, [-1, 11, 30, -20, -60, 12, 41, -2, -11, 0, 1]]
[4196688143624, [-1, -13, -23, 51, 42, -60, -19, 29, 0, -5, 1]]
[4216216309129, [1, -5, -2, 26, -7, -37, 12, 19, -6, -3, 1]]
[4223036003125, [-1, -5, 5, 32, -23, -49, 39, 13, -12, -1, 1]]
[4235139828125, [5, -10, -20, 40, 24, -51, -6, 25, -3, -4, 1]]
[4252404503125, [1, -2, -19, 40, 45, -58, -22, 30, 0, -5, 1]]
[4257529248941, [-1, -6, 7, 30, -18, -37, 19, 16, -8, -2, 1]]
[4263015503125, [1, -1, -18, 33, 22, -65, 10, 29, -11, -2, 1]]
[4280150582504, [2, -10, -9, 69, -39, -52, 38, 13, -11, -1, 1]]
[4285994753309, [1, 11, 25, -18, -57, 8, 40, -1, -11, 0, 1]]
[4290028605901, [1, -12, 21, 37, -52, -32, 39, 10, -11, -1, 1]]
[4292743958621, [1, -11, 22, 19, -57, -16, 45, 8, -12, -1, 1]]
[4298004015361, [1, -14, 47, 6, -81, 3, 49, -1, -12, 0, 1]]
[4304913778125, [-1, 8, 28, -19, -57, 12, 40, -2, -11, 0, 1]]
[4307212968197, [-1, 5, 16, -14, -40, 11, 33, -2, -10, 0, 1]]
[4312482551561, [1, -3, -10, 18, 25, -35, -18, 24, 1, -5, 1]]
[4315461526453, [9, -23, -24, 77, 4, -71, 13, 25, -7, -3, 1]]
[4327998903125, [-1, -13, -16, 40, 40, -51, -24, 30, 0, -5, 1]]
[4347936852121, [1, -1, -16, 16, 40, -42, -20, 27, 0, -5, 1]]
[4356892278125, [1, 5, -109, 105, 88, -117, -8, 39, -6, -4, 1]]
[4360248238909, [1, -7, -5, 41, -8, -50, 20, 19, -9, -2, 1]]
[4364017913249, [1, -8, -2, 33, -3, -44, 9, 21, -6, -3, 1]]
[4365024128125, [-1, -3, 17, 30, -33, -47, 24, 22, -8, -3, 1]]
[4370222440625, [4, 0, -37, 32, 54, -57, -21, 31, -1, -5, 1]]
[4383731815625, [4, -16, -7, 55, -5, -58, 14, 23, -7, -3, 1]]
[4387790403125, [-1, 1, 15, 8, -35, -21, 29, 13, -9, -2, 1]]
[4388712315625, [1, -6, -3, 35, 2, -55, 7, 28, -8, -3, 1]]
[4389011403125, [-1, -2, 12, 13, -37, -27, 33, 19, -9, -3, 1]]
[4405168690625, [1, -14, -3, 51, -1, -59, 10, 25, -7, -3, 1]]
[4406802940625, [-4, 10, 37, -22, -69, 15, 46, -3, -12, 0, 1]]
[4410183278125, [-1, -4, 22, 0, -48, 5, 37, -2, -11, 0, 1]]
[4430855107277, [-1, 8, 18, -29, -52, 23, 42, -5, -12, 0, 1]]
[4430970690625, [-1, -5, 4, 30, -18, -41, 23, 17, -9, -2, 1]]
[4439942754529, [-1, 2, 9, -12, -29, 16, 31, -5, -11, 0, 1]]
[4448086403125, [1, -5, -5, 39, -22, -43, 29, 16, -10, -2, 1]]
[4480410397501, [-1, -7, -6, 29, 20, -44, -10, 26, -3, -4, 1]]
[4493375094592, [-2, -2, 16, 8, -37, -11, 31, 6, -10, -1, 1]]
[4513369292693, [1, -28, -40, 131, 2, -107, 22, 31, -9, -3, 1]]
[4524941743093, [-1, -4, 9, 20, -24, -33, 24, 20, -8, -3, 1]]
[4527987495877, [1, -12, 4, 51, -9, -58, 13, 24, -7, -3, 1]]
[4536939940625, [-1, -14, 11, 52, -27, -56, 26, 21, -10, -2, 1]]
[4538162184173, [-1, -2, 9, 12, -23, -21, 22, 12, -8, -2, 1]]
[4542617628125, [-1, 2, 13, -15, -52, 5, 50, 10, -12, -2, 1]]
[4548449965625, [1, 12, 26, -32, -67, 23, 49, -5, -13, 0, 1]]
[4568883229493, [-1, -2, 10, 19, -19, -33, 15, 18, -6, -3, 1]]
[4584873528125, [1, -6, 1, 34, -16, -42, 22, 17, -9, -2, 1]]
[4593477753125, [1, -3, -8, 31, -5, -51, 31, 14, -11, -1, 1]]
[4595608917524, [1, -4, -7, 32, 9, -50, 5, 25, -7, -3, 1]]
[4597501207433, [1, -4, -8, 29, 9, -44, -1, 23, -3, -4, 1]]
[4619151601773, [1, -9, -7, 40, 5, -51, 8, 22, -6, -3, 1]]
[4634584028125, [1, 0, -17, 28, 19, -55, 8, 24, -7, -3, 1]]
[4648184628125, [1, -7, -2, 31, -5, -42, 11, 20, -6, -3, 1]]
[4657432840461, [-1, 12, -30, -14, 101, -70, -27, 38, -5, -4, 1]]
[4660497153125, [1, -6, -11, 56, -6, -69, 18, 26, -8, -3, 1]]
[4671474940625, [-1, 0, 12, -3, -36, 4, 34, -1, -11, 0, 1]]
[4674825315625, [-1, 2, 13, -7, -36, 7, 33, -2, -11, 0, 1]]
[4674980628125, [1, 7, 9, -19, -36, 14, 38, -2, -12, 0, 1]]
[4678913433357, [1, -5, -3, 30, -2, -44, 13, 21, -9, -2, 1]]
[4680561913309, [17, -48, -29, 126, 20, -112, -5, 39, -3, -5, 1]]
[4690126599797, [1, 9, -45, 35, 55, -65, -13, 31, -4, -4, 1]]
[4700113505433, [3, -21, 24, 44, -57, -33, 40, 10, -11, -1, 1]]
[4706988783517, [-1, -2, 13, 9, -32, -12, 27, 6, -9, -1, 1]]
[4708554509312, [1, -4, -12, 26, 28, -56, -5, 28, -4, -4, 1]]
[4710040449277, [-1, 0, 13, -8, -35, 17, 35, -8, -13, 0, 1]]
[4710313315625, [1, -4, -9, 33, 5, -46, 8, 21, -6, -3, 1]]
[4718899697773, [1, -6, -3, 37, 9, -49, -2, 24, -3, -4, 1]]
[4721243676629, [1, -8, 10, 29, -42, -31, 36, 11, -11, -1, 1]]
[4721262565625, [-1, -2, 12, 23, -27, -35, 25, 16, -9, -2, 1]]
[4728993353261, [-1, 1, 14, 3, -41, -16, 35, 9, -11, -1, 1]]
[4729124722541, [1, 0, -16, 20, 28, -43, -11, 26, -3, -4, 1]]
[4729783590625, [1, -4, -10, 36, 19, -51, -5, 25, -3, -4, 1]]
[4740603689984, [-1, 0, 19, -10, -45, 12, 38, -2, -11, 0, 1]]
[4744209453125, [-1, -30, 51, 58, -86, -40, 50, 11, -12, -1, 1]]
[4748740254477, [1, -1, -16, 16, 38, -41, -18, 28, -3, -4, 1]]
[4755599565625, [-1, -5, 13, 18, -34, -21, 31, 8, -10, -1, 1]]
[4760523014144, [-1, -4, 6, 28, -3, -46, 0, 26, -4, -4, 1]]
[4778186337437, [-1, -2, 11, 9, -29, -12, 26, 6, -9, -1, 1]]
[4788233210413, [1, -6, -3, 56, -39, -50, 40, 14, -12, -1, 1]]
[4807274957109, [-1, 2, 11, -13, -36, 17, 37, -5, -12, 0, 1]]
[4811270753125, [-1, -4, 10, 31, -30, -46, 36, 15, -12, -1, 1]]
[4811600403125, [1, -1, -21, 24, 38, -42, -20, 25, 1, -5, 1]]
[4816363065625, [-1, -2, 39, 7, -81, -17, 50, 8, -12, -1, 1]]
[4823542815625, [-4, -6, 37, 48, -58, -55, 40, 19, -11, -2, 1]]
[4826879950000, [4, -16, -2, 58, -23, -60, 35, 17, -12, -1, 1]]
[4830104556973, [1, -12, 22, 26, -49, -22, 35, 8, -10, -1, 1]]
[4833406840625, [1, 6, 5, -25, -40, 14, 40, -1, -12, 0, 1]]
[4837216932845, [-1, -3, 9, 19, -24, -32, 26, 15, -9, -2, 1]]
[4850450910896, [1, -17, 38, 63, -61, -55, 37, 18, -10, -2, 1]]
[4850543565625, [4, -18, -1, 54, -15, -55, 17, 22, -7, -3, 1]]
[4864139510257, [-1, -4, 34, 18, -75, -33, 45, 15, -11, -2, 1]]
[4867763266621, [-1, 2, 17, 4, -39, -13, 32, 7, -10, -1, 1]]
[4875274046089, [1, 7, 9, -25, -54, 1, 44, 6, -12, -1, 1]]
[4880220378125, [1, -4, -12, 39, 12, -58, 6, 26, -7, -3, 1]]
[4882298732173, [-1, -9, 16, 32, -38, -31, 32, 10, -10, -1, 1]]
[4898519815625, [-1, 10, -31, 21, 44, -56, -10, 29, -4, -4, 1]]
[4911014194789, [1, -11, 15, 35, -40, -32, 33, 10, -10, -1, 1]]
[4923711940625, [-1, 2, 18, -10, -46, 11, 41, -1, -13, -1, 1]]
[4958790149120, [-1, 14, -44, 20, 67, -62, -18, 32, -4, -4, 1]]
[4974535312384, [1, 0, -17, 22, 30, -44, -11, 26, -3, -4, 1]]
[4998487558117, [-1, 0, 12, 5, -31, -10, 27, 6, -9, -1, 1]]
[5000328749209, [-1, -3, 10, 22, -25, -36, 23, 17, -9, -2, 1]]
[5013672947861, [1, -9, 4, 50, -13, -66, 18, 26, -8, -3, 1]]
[5016062930477, [1, -2, -10, 18, 24, -34, -16, 23, 1, -5, 1]]
[5017117783393, [13, -16, -49, 63, 50, -74, -10, 31, -4, -4, 1]]
[5020731190625, [1, -5, -6, 50, -27, -48, 33, 14, -11, -1, 1]]
[5025591190625, [1, -9, 12, 44, -32, -46, 27, 17, -9, -2, 1]]
[5032148050000, [-1, -3, 8, 19, -21, -33, 23, 18, -10, -2, 1]]
[5043975892741, [1, 9, 15, -18, -44, 10, 37, -1, -11, 0, 1]]
[5047530286973, [1, -2, -11, 22, 24, -47, -5, 26, -4, -4, 1]]
[5053539628125, [-1, 3, 13, -18, -41, 18, 38, -3, -11, 0, 1]]
[5059631590625, [-5, -10, 26, 43, -46, -50, 35, 20, -11, -2, 1]]
[5060778940625, [-1, -12, -6, 68, -21, -65, 28, 21, -10, -2, 1]]
[5060830503125, [1, 2, -27, 27, 49, -64, -14, 38, -9, -3, 1]]
[5068779948809, [-1, -16, 10, 51, -26, -50, 25, 18, -9, -2, 1]]
[5076028498249, [-8, 0, 46, 13, -71, -19, 43, 8, -11, -1, 1]]
[5095259965625, [16, 80, 88, -90, -149, 27, 75, -2, -15, 0, 1]]
[5104855493989, [1, 7, 10, -18, -43, 3, 39, 5, -11, -1, 1]]
[5114130315625, [-1, -4, 19, 4, -45, 2, 37, -1, -11, 0, 1]]
[5125454006549, [-1, -4, 10, 21, -31, -30, 30, 15, -10, -2, 1]]
[5127877733821, [1, -14, 32, 30, -64, -23, 42, 8, -11, -1, 1]]
[5141752056493, [-1, -9, -3, 60, -8, -64, 15, 24, -7, -3, 1]]
[5143161503125, [-1, -4, 9, 21, -25, -29, 24, 14, -9, -2, 1]]
[5149549090625, [-1, -2, 16, 30, -37, -43, 32, 17, -10, -2, 1]]
[5160742025869, [-1, -1, 10, 7, -28, -11, 26, 6, -9, -1, 1]]
[5163876989837, [-1, 1, 27, 17, -51, -30, 32, 14, -9, -2, 1]]
[5170044044309, [1, -6, 5, 23, -27, -30, 30, 12, -11, -1, 1]]
[5172046653125, [1, -6, -10, 39, 14, -55, -2, 27, -4, -4, 1]]
[5200694092497, [-3, -9, 14, 36, -22, -44, 18, 20, -7, -3, 1]]
[5205259628125, [5, -15, -16, 58, 7, -66, 11, 27, -8, -3, 1]]
[5206170461257, [1, -3, -15, 18, 35, -34, -23, 25, 1, -5, 1]]
[5224207469977, [-1, -4, 14, 23, -30, -31, 26, 14, -9, -2, 1]]
[5238865440625, [1, -8, -14, 45, 40, -57, -22, 30, 0, -5, 1]]
[5239497015625, [-20, 50, 105, -80, -141, 33, 69, -4, -14, 0, 1]]
[5242802704709, [-1, -2, 11, 9, -31, -13, 31, 7, -10, -1, 1]]
[5246104682749, [-1, 10, 25, -27, -62, 14, 42, -2, -11, 0, 1]]
[5247386378125, [1, -5, -5, 26, 10, -42, -6, 25, -1, -5, 1]]
[5249123108069, [1, -16, 8, 64, -50, -47, 40, 12, -11, -1, 1]]
[5250218535793, [-1, -2, 11, 16, -33, -21, 31, 8, -10, -1, 1]]
[5263410015625, [-5, 0, 35, -5, -66, 6, 46, -1, -12, 0, 1]]
[5266247865344, [1, 16, 29, -28, -63, 14, 42, -2, -11, 0, 1]]
[5291353253125, [1, -6, -1, 37, -9, -49, 15, 22, -7, -3, 1]]
[5307624753125, [1, -2, -15, 22, 45, -78, 6, 30, -8, -3, 1]]
[5308870211581, [1, 15, 43, 14, -68, -42, 39, 19, -11, -2, 1]]
[5312565052173, [3, -12, 0, 41, -19, -45, 24, 17, -9, -2, 1]]
[5320307480336, [1, -1, -12, 15, 28, -32, -18, 23, 1, -5, 1]]
[5333023802053, [1, -6, 4, 26, -24, -37, 25, 16, -9, -2, 1]]
[5342099090797, [-1, -5, 13, 18, -32, -20, 27, 8, -9, -1, 1]]
[5348205590625, [-1, 3, 19, -2, -54, -13, 43, 8, -12, -1, 1]]
[5355484849885, [-1, 1, 19, 16, -39, -30, 31, 15, -10, -2, 1]]
[5356270589773, [-1, -3, 8, 18, -20, -29, 21, 14, -8, -2, 1]]
[5367336750001, [-1, -8, -6, 32, 17, -45, -7, 25, -3, -4, 1]]
[5373198090625, [4, -18, 5, 57, -34, -53, 36, 16, -12, -1, 1]]
[5379127215625, [-1, -4, 23, -2, -53, 7, 43, -1, -12, 0, 1]]
[5379830573837, [-1, -4, 10, 34, -15, -44, 13, 20, -6, -3, 1]]
[5382271169981, [1, -6, 3, 28, -18, -44, 17, 21, -7, -3, 1]]
[5388245798281, [1, -3, -15, 42, 9, -81, 40, 19, -13, -1, 1]]
[5389642978505, [-5, 0, 28, -1, -52, 2, 38, -1, -11, 0, 1]]
[5389875278125, [-1, -6, 14, 26, -32, -30, 29, 11, -10, -1, 1]]
[5392070417605, [1, -6, -2, 35, -4, -46, 10, 21, -6, -3, 1]]
[5393446214656, [5, -12, -23, 46, 28, -56, -7, 26, -3, -4, 1]]
[5401167232477, [-1, 2, 10, -14, -31, 21, 36, -4, -11, 0, 1]]
[5404032653125, [1, 7, 8, -22, -38, 14, 37, -2, -11, 0, 1]]
[5409861623189, [-1, -3, 36, 39, -70, -39, 46, 12, -12, -1, 1]]
[5410288278125, [-1, -7, 0, 51, -13, -68, 23, 27, -9, -3, 1]]
[5435549753125, [-1, -4, 10, 20, -32, -24, 31, 9, -10, -1, 1]]
[5446988234752, [1, 6, 5, -24, -34, 22, 38, -4, -12, 0, 1]]
[5467489192972, [1, -5, -6, 36, -8, -50, 21, 19, -9, -2, 1]]
[5475280528125, [-1, 8, 12, -41, -45, 37, 42, -9, -13, 0, 1]]
[5478329903125, [-5, 5, 49, 1, -79, -13, 45, 7, -11, -1, 1]]
[5480998766749, [-3, -5, 24, 25, -48, -31, 37, 11, -11, -1, 1]]
[5483461341773, [-1, 6, 19, -23, -45, 21, 38, -4, -11, 0, 1]]
[5485232778461, [1, -3, -14, 38, 13, -54, 1, 26, -4, -4, 1]]
[5497330878125, [1, 4, -33, 22, 58, -53, -25, 32, -1, -5, 1]]
[5502903201517, [-7, -17, 22, 54, -28, -55, 19, 22, -7, -3, 1]]
[5521445138393, [8, -16, -54, 77, 53, -88, -7, 34, -5, -4, 1]]
[5534452170893, [-1, -3, 7, 23, -9, -39, 9, 23, -7, -3, 1]]
[5545730083904, [-1, -3, 9, 19, -28, -25, 28, 10, -10, -1, 1]]
[5549501383744, [1, -11, 19, 29, -46, -26, 34, 9, -10, -1, 1]]
[5574430905137, [1, 26, 51, -45, -94, 23, 57, -3, -13, 0, 1]]
[5576307163633, [-1, -4, 14, 16, -36, -20, 32, 8, -10, -1, 1]]
[5578572515777, [1, -4, -4, 25, 1, -44, 11, 24, -10, -2, 1]]
[5585457340625, [-1, 7, 27, -14, -70, 8, 52, -1, -13, 0, 1]]
[5592831903125, [1, -6, -3, 28, 1, -43, 4, 24, -4, -4, 1]]
[5593006503125, [1, -7, 8, 22, -34, -23, 36, 10, -12, -1, 1]]
[5594778468352, [1, -2, -13, 38, -7, -48, 22, 18, -9, -2, 1]]
[5597057651257, [-1, -4, 12, 17, -32, -21, 29, 9, -10, -1, 1]]
[5599012878125, [-1, 14, 30, -30, -60, 18, 41, -3, -11, 0, 1]]
[5619032377856, [-1, -2, 23, 24, -56, -23, 40, 8, -11, -1, 1]]
[5621221503125, [11, -18, -50, 90, 27, -89, 10, 30, -8, -3, 1]]
[5623402363237, [-1, -5, 3, 30, -7, -48, 10, 24, -7, -3, 1]]
[5635004022377, [1, 10, 30, 14, -51, -36, 33, 17, -10, -2, 1]]
[5642691940625, [-1, -4, 8, 24, -20, -42, 21, 24, -9, -3, 1]]
[5646406348733, [-1, 0, 22, -5, -46, 5, 34, -1, -10, 0, 1]]
[5646687395093, [1, -43, 11, 97, -36, -73, 32, 21, -10, -2, 1]]
[5652970431713, [4, 20, 17, -46, -66, 21, 51, 1, -13, -1, 1]]
[5681435815625, [1, -3, -13, 43, -2, -55, 14, 23, -7, -3, 1]]
[5696915117561, [13, -35, -44, 111, 13, -93, 15, 29, -8, -3, 1]]
[5701014378125, [-1, 2, 13, -17, -46, 12, 38, -2, -11, 0, 1]]
[5709052910848, [1, 1, -17, 10, 41, -31, -27, 26, 1, -5, 1]]
[5710970246789, [1, -4, -8, 23, 21, -37, -15, 23, 1, -5, 1]]
[5727296403125, [1, -5, -4, 27, 8, -41, -2, 23, -3, -4, 1]]
[5727669055525, [1, 15, 39, -20, -70, 8, 43, -1, -11, 0, 1]]
[5730304750909, [-1, -3, 14, 20, -33, -30, 30, 13, -11, -1, 1]]
[5741517940625, [-11, -28, 33, 90, -47, -85, 40, 25, -12, -2, 1]]
[5741910287897, [-1, -6, 1, 32, 3, -45, 0, 23, -3, -4, 1]]
[5746092153125, [1, 26, -109, 96, 72, -110, -3, 37, -6, -4, 1]]
[5750361503125, [-1, 1, 17, 10, -36, -19, 30, 9, -10, -1, 1]]
[5751248003125, [1, 0, -16, 8, 50, -47, -17, 28, -3, -4, 1]]
[5758599528125, [-1, -4, 7, 27, -23, -42, 24, 22, -9, -3, 1]]
[5759421800000, [-1, 1, 19, 18, -38, -34, 30, 17, -10, -2, 1]]
[5770540778125, [-1, 2, 13, -6, -40, -2, 34, 5, -10, -1, 1]]
[5774248589825, [1, -4, -6, 27, 8, -43, -1, 23, -3, -4, 1]]
[5809061065625, [-19, -54, 56, 116, -62, -87, 33, 27, -9, -3, 1]]
[5830029567749, [5, -13, -25, 65, 17, -79, 13, 28, -8, -3, 1]]
[5841458710829, [1, 13, 33, 1, -64, -29, 38, 15, -10, -2, 1]]
[5844427806016, [-1, -1, 13, 1, -40, -1, 42, 6, -12, -1, 1]]
[5849557465797, [-1, 10, 16, -35, -48, 32, 45, -5, -12, 0, 1]]
[5852238614648, [1, -15, 52, 18, -94, -2, 55, -1, -13, 0, 1]]
[5854392106397, [1, -3, -11, 28, 15, -43, -3, 23, -3, -4, 1]]
[5854926753125, [1, 5, -2, -37, -34, 35, 41, -8, -13, 0, 1]]
[5856896876725, [1, -9, 21, 8, -54, 1, 43, -1, -12, 0, 1]]
[5863765633525, [-1, -1, 22, 15, -48, -21, 38, 8, -11, -1, 1]]
[5873821065625, [1, -6, 0, 38, -12, -51, 19, 22, -8, -3, 1]]
[5875767011201, [1, -7, 9, 23, -35, -30, 31, 14, -10, -2, 1]]
[5889858453125, [-1, -6, 1, 37, 16, -54, -13, 30, -1, -5, 1]]
[5900649003125, [1, 8, 6, -51, -74, 38, 61, -5, -14, 0, 1]]
[5906673101808, [1, -7, 10, 19, -38, -18, 36, 7, -11, -1, 1]]
[5906855815625, [1, -4, -5, 27, -1, -46, 12, 25, -8, -3, 1]]
[5925178810693, [1, -5, -1, 35, -37, -29, 37, 9, -11, -1, 1]]
[5927125135401, [1, -38, 53, 62, -89, -37, 51, 10, -12, -1, 1]]
[5948409528125, [1, -5, 1, 25, -25, -27, 33, 9, -11, -1, 1]]
[5957133878125, [-1, -8, 0, 40, 1, -58, 12, 24, -7, -3, 1]]
[5974629968301, [1, -1, -12, 19, 25, -54, 5, 25, -7, -3, 1]]
[5978042831872, [-1, -2, 12, 26, -17, -44, 12, 24, -5, -4, 1]]
[5997758560993, [-1, 2, 16, -5, -50, 3, 46, 5, -12, -1, 1]]
[6025682481293, [-1, -2, 19, 33, -43, -39, 37, 12, -11, -1, 1]]
[6037494498157, [-5, -2, 40, 4, -88, 2, 55, -1, -13, 0, 1]]
[6041922243584, [1, -6, 4, 24, -25, -30, 30, 14, -10, -2, 1]]
[6049899542073, [3, -12, -5, 47, -13, -52, 22, 19, -9, -2, 1]]
[6056622305281, [-1, -5, 5, 31, -13, -54, 25, 23, -11, -2, 1]]
[6063111378125, [11, -24, -63, 94, 67, -110, -5, 38, -6, -4, 1]]
[6071230128125, [-1, -3, 10, 17, -31, -26, 32, 14, -10, -2, 1]]
[6086026815625, [1, -6, -7, 35, 17, -50, -5, 25, -3, -4, 1]]
[6087516278125, [1, -5, -1, 28, -8, -46, 12, 23, -7, -3, 1]]
[6091611715153, [2, -9, 1, 35, -25, -36, 30, 11, -10, -1, 1]]
[6114952738933, [-1, -2, 9, 15, -24, -25, 26, 11, -10, -1, 1]]
[6115969215625, [-1, 8, 20, -30, -65, 19, 47, -3, -12, 0, 1]]
[6123346333381, [1, -5, -7, 26, 11, -41, -3, 23, -3, -4, 1]]
[6123425270077, [-1, 1, 12, -4, -42, -7, 34, 6, -10, -1, 1]]
[6140781355508, [-1, -7, -1, 45, -9, -53, 15, 22, -7, -3, 1]]
[6144743194925, [1, -4, -8, 27, 25, -40, -17, 24, 1, -5, 1]]
[6153712110685, [1, 7, 11, -15, -37, 10, 34, -2, -11, 0, 1]]
[6156595900304, [11, -20, -63, 107, 28, -96, 12, 30, -8, -3, 1]]
[6161777376481, [4, -19, 4, 66, -26, -65, 23, 24, -8, -3, 1]]
[6167509583213, [1, -4, -5, 28, -7, -39, 18, 16, -8, -2, 1]]
[6169740672697, [1, 3, -54, 46, 66, -74, -14, 32, -4, -4, 1]]
[6175137950000, [1, 3, -25, 21, 44, -48, -22, 29, 0, -5, 1]]
[6176186586517, [-3, -8, 26, 31, -51, -33, 39, 12, -12, -1, 1]]
[6182345628125, [1, -5, -2, 27, -7, -40, 14, 20, -7, -3, 1]]
[6183045726272, [-23, -31, 71, 67, -88, -47, 50, 12, -12, -1, 1]]
[6194123253125, [1, -3, -11, 40, -4, -62, 25, 26, -12, -2, 1]]
[6203166128125, [-1, 3, 27, 0, -57, -5, 42, 4, -12, -1, 1]]
[6204664331477, [1, -6, 3, 26, -25, -30, 30, 10, -10, -1, 1]]
[6205375987037, [1, -2, -10, 24, 11, -45, 4, 25, -7, -3, 1]]
[6206661568277, [1, 7, 9, -24, -48, 8, 41, 4, -11, -1, 1]]
[6217875871357, [5, -21, 5, 54, -30, -48, 27, 17, -9, -2, 1]]
[6224132763557, [-1, 19, -108, 177, -28, -121, 50, 27, -13, -2, 1]]
[6226893453125, [-1, 11, -36, 28, 52, -81, 6, 30, -8, -3, 1]]
[6233140385437, [1, -2, -13, 15, 36, -40, -18, 28, -3, -4, 1]]
[6237358590625, [1, -6, -15, 35, 29, -55, -11, 30, -4, -4, 1]]
[6240267015625, [5, -5, -35, 50, 34, -69, 2, 28, -7, -3, 1]]
[6243478862977, [4, -23, -26, 68, 29, -71, -4, 29, -4, -4, 1]]
[6245011090625, [1, 8, 11, -27, -43, 22, 39, -5, -12, 0, 1]]
[6259560176537, [1, 7, 5, -26, -27, 29, 32, -9, -12, 0, 1]]
[6269406221989, [1, -8, 16, 10, -44, -1, 36, -1, -11, 0, 1]]
[6276061730557, [-1, 2, 13, -8, -37, 8, 34, -2, -11, 0, 1]]
[6284320578469, [-1, -6, 10, 26, -28, -34, 30, 13, -11, -1, 1]]
[6285880818829, [-1, -3, 9, 16, -24, -23, 22, 12, -8, -2, 1]]
[6293547715625, [-1, 0, 15, 3, -44, -16, 34, 11, -10, -2, 1]]
[6293633940625, [1, -12, 2, 56, 3, -63, 2, 27, -4, -4, 1]]
[6300093693232, [1, -5, -2, 25, -1, -39, 5, 22, -4, -4, 1]]
[6307277778125, [1, -4, -7, 32, -3, -53, 20, 26, -9, -3, 1]]
[6313282058953, [-1, 0, 20, 10, -48, -15, 35, 7, -10, -1, 1]]
[6326957888141, [-1, -38, -1, 94, -8, -81, 16, 28, -8, -3, 1]]
[6328946403125, [1, -4, -12, 57, -27, -51, 34, 14, -11, -1, 1]]
[6345657631197, [1, -2, -24, 38, 31, -58, -6, 28, -4, -4, 1]]
[6351072926605, [1, 4, -34, 32, 44, -56, -11, 27, -3, -4, 1]]
[6351881378125, [1, -3, -23, 60, -4, -68, 25, 22, -10, -2, 1]]
[6354199778125, [1, -5, -3, 34, -10, -59, 38, 15, -12, -1, 1]]
[6362893642157, [1, 8, 4, -36, -33, 43, 48, -6, -13, 0, 1]]
[6364984107673, [1, -10, -9, 49, 5, -69, 22, 23, -10, -2, 1]]
[6365713179097, [1, -9, -3, 39, 1, -55, 5, 28, -5, -4, 1]]
[6369165153125, [-1, -2, 11, 14, -31, -20, 30, 8, -10, -1, 1]]
[6370714945261, [1, -6, -3, 41, -29, -37, 31, 11, -10, -1, 1]]
[6374792195173, [1, -3, -7, 21, 9, -39, 3, 22, -6, -3, 1]]
[6376466666629, [-1, 11, -40, 50, 15, -70, 23, 22, -10, -2, 1]]
[6376506153125, [-1, -8, 3, 35, -4, -48, 9, 24, -7, -3, 1]]
[6387150362561, [-1, -9, 5, 40, -12, -56, 18, 26, -11, -2, 1]]
[6388318315625, [-4, -2, 27, 15, -48, -19, 34, 8, -10, -1, 1]]
[6392406128125, [1, 0, -16, 20, 29, -42, -15, 26, 0, -5, 1]]
[6394969403125, [1, -5, 0, 25, -14, -37, 25, 15, -11, -1, 1]]
[6399877315141, [-1, 1, 28, 38, -32, -51, 19, 22, -7, -3, 1]]
[6406090532073, [1, 8, 13, -19, -42, 13, 36, -3, -11, 0, 1]]
[6407328492221, [-1, 3, 17, -2, -49, -18, 37, 13, -10, -2, 1]]
[6410054115341, [23, -51, -32, 116, -1, -90, 18, 28, -8, -3, 1]]
[6431705954509, [1, 1, -16, 9, 42, -35, -23, 25, 1, -5, 1]]
[6431717565625, [1, 12, 47, 57, -31, -80, 9, 36, -7, -4, 1]]
[6433156361381, [1, -5, 0, 27, -20, -37, 33, 11, -11, -1, 1]]
[6436641366809, [-1, 5, 15, -20, -51, 11, 42, -1, -12, 0, 1]]
[6448444376489, [-1, 3, 13, -16, -56, -6, 42, 10, -11, -2, 1]]
[6463702034633, [1, -4, -6, 27, 3, -46, 9, 23, -7, -3, 1]]
[6463858613921, [-1, -7, 8, 34, -15, -46, 15, 22, -7, -3, 1]]
[6467364531229, [-1, 5, 53, -3, -86, 0, 50, 0, -12, 0, 1]]
[6479669999701, [-1, 3, 29, 31, -37, -47, 21, 21, -7, -3, 1]]
[6484993466869, [-3, 28, -75, 41, 75, -76, -14, 32, -4, -4, 1]]
[6489303270344, [-2, 2, 15, -9, -36, 12, 33, -4, -11, 0, 1]]
[6489665684353, [-1, -5, 4, 27, -10, -42, 13, 22, -7, -3, 1]]
[6492742859017, [8, -28, -8, 79, -14, -74, 20, 26, -8, -3, 1]]
[6494915440625, [-1, 5, 48, 81, -11, -85, -4, 34, -2, -5, 1]]
[6514477778125, [-1, 27, 30, -67, -73, 42, 52, -7, -13, 0, 1]]
[6539447361173, [1, -9, 15, 30, -44, -27, 34, 9, -10, -1, 1]]
[6548001653125, [-1, -10, -7, 68, -25, -63, 30, 20, -10, -2, 1]]
[6548136905761, [1, -9, 12, 26, -39, -26, 35, 10, -11, -1, 1]]
[6561021184192, [1, -12, 3, 47, -17, -53, 20, 22, -8, -3, 1]]
[6572916379893, [-1, -5, 5, 32, -10, -48, 7, 24, -4, -4, 1]]
[6583744278125, [-1, 13, 38, -37, -85, 21, 55, -3, -13, 0, 1]]
[6593129050000, [1, -8, 10, 35, -33, -43, 31, 17, -10, -2, 1]]
[6597003065053, [1, -7, -9, 34, 16, -53, -3, 27, -4, -4, 1]]
[6609440469529, [1, 15, 35, -10, -72, -11, 47, 8, -12, -1, 1]]
[6611792598781, [7, -25, -45, 106, 15, -93, 15, 29, -8, -3, 1]]
[6613778978429, [-1, -5, 4, 29, -12, -44, 12, 24, -5, -4, 1]]
[6618025278125, [-1, -7, 5, 32, -12, -48, 17, 25, -11, -2, 1]]
[6620046084325, [1, -7, 11, 16, -42, -5, 37, 0, -11, 0, 1]]
[6631989077993, [4, 23, 28, -38, -67, 19, 46, -3, -12, 0, 1]]
[6636558102121, [1, -3, -8, 21, 15, -41, -6, 27, -4, -4, 1]]
[6656628272269, [1, 8, 12, -24, -40, 21, 37, -4, -11, 0, 1]]
[6660305164249, [1, -18, 9, 53, -27, -50, 25, 18, -9, -2, 1]]
[6668297778125, [1, -4, -9, 33, 4, -50, 9, 24, -7, -3, 1]]
[6677215840625, [-1, 1, 20, 16, -42, -33, 29, 19, -8, -3, 1]]
[6693353565625, [1, -8, -5, 53, -19, -57, 27, 20, -10, -2, 1]]
[6695183565625, [1, -13, 2, 106, -28, -94, 27, 29, -9, -3, 1]]
[6695504815625, [-4, 4, 29, -13, -60, 10, 47, 1, -13, -1, 1]]
[6696967680917, [-1, -4, 7, 27, -16, -39, 14, 19, -6, -3, 1]]
[6701750565625, [1, -4, -7, 29, 11, -46, -1, 25, -4, -4, 1]]
[6707391041857, [-1, -2, 20, -2, -43, 4, 33, -1, -10, 0, 1]]
[6712338666357, [-1, -7, 10, 37, -22, -51, 18, 22, -7, -3, 1]]
[6726961924889, [-1, -7, -8, 26, 30, -46, -17, 31, -4, -4, 1]]
[6729745432217, [-4, 18, 47, -34, -80, 19, 49, -3, -12, 0, 1]]
[6738845126077, [-3, 28, -85, 80, 44, -93, 10, 30, -8, -3, 1]]
[6740541378125, [1, 7, 10, -17, -37, 10, 36, -1, -11, 0, 1]]
[6740906945781, [-1, -8, 36, 15, -67, -15, 43, 7, -11, -1, 1]]
[6749150934941, [-1, -8, 0, 44, -1, -65, 16, 26, -8, -3, 1]]
[6755852616389, [-1, -5, 3, 38, 19, -51, -16, 28, 0, -5, 1]]
[6764216450000, [-1, -41, 84, 60, -120, -36, 61, 10, -13, -1, 1]]
[6775388927033, [-1, -6, -2, 29, 10, -43, -4, 24, -3, -4, 1]]
[6785470637389, [1, -1, -14, 15, 38, -47, -17, 29, -1, -5, 1]]
[6788771815625, [1, 1, -17, 6, 69, -80, -1, 32, -8, -3, 1]]
[6789821190625, [1, -5, -9, 37, 1, -52, 12, 23, -7, -3, 1]]
[6790407228149, [1, 1, -25, 46, 8, -65, 22, 22, -10, -2, 1]]
[6791803690625, [-1, -8, -4, 42, 7, -57, 0, 27, -4, -4, 1]]
[6795162212989, [-1, 2, 15, -14, -61, -4, 46, 6, -12, -1, 1]]
[6817719345677, [-1, -4, 7, 28, -21, -40, 29, 14, -11, -1, 1]]
[6821731608877, [1, -2, -13, 15, 38, -43, -19, 31, -4, -4, 1]]
[6825255173657, [1, -2, -11, 29, 3, -46, 15, 20, -9, -2, 1]]
[6826923203372, [-1, -1, 12, 8, -33, -15, 31, 7, -10, -1, 1]]
[6828051653125, [-1, -4, 13, 24, -38, -30, 35, 11, -11, -1, 1]]
[6828638647616, [-1, -5, 3, 32, 9, -48, -10, 26, 0, -5, 1]]
[6830672190625, [11, -46, 32, 75, -77, -44, 49, 11, -12, -1, 1]]
[6832437189733, [1, -9, 3, 53, -10, -60, 14, 24, -7, -3, 1]]
[6832546414592, [-1, 10, 37, -20, -71, 12, 47, -2, -12, 0, 1]]
[6862899503125, [-1, 1, 14, -11, -45, 7, 37, -1, -11, 0, 1]]
[6863220465625, [-1, -6, 3, 36, -2, -59, 8, 31, -9, -3, 1]]
[6865906065625, [-1, -1, 12, 11, -34, -22, 33, 14, -10, -2, 1]]
[6867462161741, [-1, 0, 28, -16, -71, 12, 48, -2, -12, 0, 1]]
[6871609704437, [-1, -2, 9, 18, -17, -32, 14, 18, -6, -3, 1]]
[6885328876429, [-1, 4, 31, 15, -58, -31, 37, 15, -10, -2, 1]]
[6899396541949, [9, -15, -43, 86, 27, -105, 18, 34, -10, -3, 1]]
[6903865824256, [1, 12, 30, -22, -61, 12, 41, -2, -11, 0, 1]]
[6910472153125, [1, -11, -14, 96, -64, -63, 53, 14, -13, -1, 1]]
[6933609090281, [-1, -8, 2, 45, -14, -56, 16, 23, -7, -3, 1]]
[6934758690625, [1, -1, -15, 29, 20, -67, 18, 26, -11, -2, 1]]
[6939864042569, [-1, -1, 15, 10, -35, -15, 28, 7, -9, -1, 1]]
[6942459358781, [-1, 3, 27, 20, -45, -34, 30, 15, -9, -2, 1]]
[6943282628125, [1, -7, -7, 67, -39, -58, 41, 15, -12, -1, 1]]
[6947790878125, [1, -9, -6, 54, -15, -59, 25, 21, -10, -2, 1]]
[6960567485573, [1, -11, -19, 48, 28, -61, -7, 29, -4, -4, 1]]
[6963601031557, [-1, -40, 12, 104, -38, -84, 37, 23, -11, -2, 1]]
[6964965270017, [-1, 1, 19, 20, -35, -40, 24, 21, -8, -3, 1]]
[6976999315625, [-1, -12, 0, 58, -18, -63, 21, 24, -8, -3, 1]]
[6979543778125, [1, -1, -14, 11, 44, -47, -14, 27, -3, -4, 1]]
[6993136815625, [-1, -3, 19, 46, -69, -46, 55, 14, -14, -1, 1]]
[6997289737216, [1, 14, 29, -30, -62, 20, 44, -4, -12, 0, 1]]
[7014791637833, [-1, -6, 1, 35, -5, -46, 10, 21, -6, -3, 1]]
[7019580190625, [1, -14, 3, 50, -14, -57, 16, 23, -7, -3, 1]]
[7020234190625, [1, -22, 24, 62, -47, -60, 31, 23, -9, -3, 1]]
[7023106466609, [-1, -3, 12, 31, -16, -43, 13, 20, -6, -3, 1]]
[7030644544493, [-1, 7, 24, -14, -60, 1, 44, 4, -12, -1, 1]]
[7045197878125, [1, 10, 23, -18, -59, 10, 46, -2, -13, 0, 1]]
[7058788516873, [-1, -2, 12, 15, -38, -20, 36, 8, -11, -1, 1]]
[7060253378125, [5, -30, 31, 55, -65, -36, 42, 10, -11, -1, 1]]
[7062845824709, [3, -23, -17, 106, -38, -80, 44, 19, -13, -1, 1]]
[7089928425197, [1, -5, -5, 32, -6, -47, 19, 21, -10, -2, 1]]
[7093777548929, [-2, -1, 16, 6, -41, -11, 38, 7, -11, -1, 1]]
[7094237940625, [1, -7, 7, 30, -35, -36, 32, 15, -10, -2, 1]]
[7098526840625, [1, -8, -15, 42, 21, -57, -3, 27, -4, -4, 1]]
[7098802028125, [-5, 5, 39, -16, -68, 13, 45, -3, -12, 0, 1]]
[7106884515625, [4, 26, 37, -39, -76, 19, 48, -3, -12, 0, 1]]
[7116667636009, [-1, -3, 7, 19, -15, -32, 14, 18, -6, -3, 1]]
[7133660203589, [-1, -6, 23, 9, -51, -8, 40, 6, -11, -1, 1]]
[7137087681713, [-1, -3, 8, 23, -14, -40, 13, 22, -7, -3, 1]]
[7139044028125, [-1, -1, 23, 17, -59, -33, 45, 17, -12, -2, 1]]
[7140386403125, [1, -5, -3, 32, -1, -45, 9, 21, -6, -3, 1]]
[7142779811369, [-1, -7, -5, 34, 19, -54, -5, 28, -4, -4, 1]]
[7143078594349, [1, -5, 1, 22, -15, -31, 21, 15, -9, -2, 1]]
[7154513528125, [-1, 0, 15, 6, -45, -6, 41, 0, -12, 0, 1]]
[7154577897769, [1, -7, 2, 31, -19, -36, 21, 15, -8, -2, 1]]
[7167043667825, [1, -3, -18, 27, 33, -49, -10, 26, -3, -4, 1]]
[7168141890569, [1, -6, 5, 24, -32, -25, 33, 9, -11, -1, 1]]
[7172015731757, [-1, -5, 5, 29, -11, -42, 16, 20, -9, -2, 1]]
[7180081481949, [1, -3, -8, 29, 0, -46, 16, 20, -9, -2, 1]]
[7180352614697, [4, -28, 19, 67, -48, -55, 35, 18, -10, -2, 1]]
[7186256755712, [-5, 16, 31, -46, -60, 38, 47, -8, -13, 0, 1]]
[7186293684629, [1, -5, -6, 42, -27, -38, 31, 11, -10, -1, 1]]
[7199495659072, [2, -4, -14, 30, 21, -58, 5, 26, -7, -3, 1]]
[7218665291813, [1, 17, 21, -44, -64, 25, 46, -4, -12, 0, 1]]
[7219899434177, [1, -6, 5, 24, -32, -25, 36, 9, -11, -1, 1]]
[7224369940189, [-1, 0, 12, 2, -42, -12, 38, 7, -11, -1, 1]]
[7232361800000, [-1, -9, -5, 55, 35, -68, -19, 33, -1, -5, 1]]
[7234594161664, [1, -14, 7, 48, -24, -50, 25, 18, -9, -2, 1]]
[7235030773529, [13, -26, -36, 87, 18, -87, 13, 29, -8, -3, 1]]
[7245180003125, [-1, -5, 4, 33, -6, -50, 8, 26, -5, -4, 1]]
[7254832767381, [-1, -14, 10, 48, -28, -47, 26, 17, -9, -2, 1]]
[7255191008701, [-1, -26, 42, 66, -76, -51, 50, 14, -13, -1, 1]]
[7260675580489, [-1, 4, 20, -5, -53, -3, 42, 4, -12, -1, 1]]
[7261208465261, [-1, 0, 13, -4, -41, 11, 38, -4, -12, 0, 1]]
[7274581690625, [-1, 2, 16, -5, -48, 4, 38, -1, -11, 0, 1]]
[7279157005169, [-7, -21, 17, 64, -23, -61, 18, 23, -7, -3, 1]]
[7282727340625, [-29, -28, 87, 69, -95, -56, 47, 18, -11, -2, 1]]
[7288476411257, [-1, 1, 14, -2, -45, -12, 36, 11, -10, -2, 1]]
[7305149565625, [1, 0, -22, 42, 13, -60, 9, 25, -7, -3, 1]]
[7310020815625, [-1, -6, 3, 40, -10, -53, 14, 23, -7, -3, 1]]
[7314321552777, [1, -7, 7, 34, -48, -45, 44, 15, -13, -1, 1]]
[7322530253125, [1, -6, 3, 28, -30, -30, 33, 11, -11, -1, 1]]
[7324857179957, [1, -3, -21, 34, 33, -56, -9, 29, -4, -4, 1]]
[7335311792665, [11, -17, -54, 70, 52, -78, -9, 31, -4, -4, 1]]
[7360323278125, [-5, -15, 26, 53, -46, -55, 35, 20, -11, -2, 1]]
[7365803140625, [-1, -13, 7, 68, -46, -66, 38, 21, -11, -2, 1]]
[7367537306237, [1, -4, -9, 23, 24, -38, -17, 24, 1, -5, 1]]
[7376505777161, [1, -13, -22, 66, 14, -72, 10, 26, -7, -3, 1]]
[7376833717588, [-2, -2, 22, 17, -55, -44, 30, 21, -8, -3, 1]]
[7377629003125, [1, 13, 33, -13, -69, -3, 46, 5, -12, -1, 1]]
[7378714244989, [1, -5, -3, 31, -9, -44, 17, 21, -8, -3, 1]]
[7387799457349, [-1, 7, 23, -37, -74, 17, 49, -2, -12, 0, 1]]
[7399388028125, [-1, -2, 20, 6, -52, -12, 40, 7, -11, -1, 1]]
[7414033374369, [1, -6, -1, 36, -12, -60, 19, 25, -8, -3, 1]]
[7414547753125, [1, 16, 32, -20, -70, 0, 47, 5, -12, -1, 1]]
[7437873086464, [-1, 8, 10, -58, -70, 30, 49, -4, -12, 0, 1]]
[7439310496661, [1, 9, 12, -36, -42, 35, 43, -6, -12, 0, 1]]
[7441310667309, [1, -7, 4, 29, -27, -34, 30, 16, -10, -2, 1]]
[7457817050000, [1, -5, -6, 28, 10, -42, -2, 23, -3, -4, 1]]
[7471240090625, [5, -15, -16, 65, 9, -80, 0, 35, -3, -5, 1]]
[7475182128949, [-1, 0, 16, 10, -46, -34, 29, 19, -8, -3, 1]]
[7475222768513, [-1, 13, -50, 42, 60, -89, 5, 31, -8, -3, 1]]
[7475233554413, [1, -5, -1, 25, -7, -37, 12, 19, -6, -3, 1]]
[7478020815625, [1, 8, 16, -13, -55, -9, 43, 12, -11, -2, 1]]
[7489678700084, [-1, -14, 5, 56, -9, -63, 9, 27, -5, -4, 1]]
[7491387104533, [1, -3, -10, 32, 7, -49, 3, 25, -4, -4, 1]]
[7497735550000, [-1, -4, 34, -18, -74, 22, 53, -4, -13, 0, 1]]
[7509863176669, [-1, -1, 13, 4, -38, -8, 37, 6, -11, -1, 1]]
[7513020586849, [1, -11, 5, 42, -25, -49, 28, 19, -10, -2, 1]]
[7517433528125, [-31, -45, 102, 138, -87, -104, 40, 30, -10, -3, 1]]
[7528424198773, [9, -20, -39, 121, -36, -89, 43, 23, -12, -2, 1]]
[7532892542809, [-2, -1, 36, 3, -66, -1, 42, 0, -11, 0, 1]]
[7537244643053, [1, -4, -7, 24, 17, -41, -12, 25, 0, -5, 1]]
[7538400565625, [-1, -3, 13, 17, -42, -26, 41, 13, -13, -1, 1]]
[7543057455181, [1, -7, -7, 32, 11, -46, -3, 24, -3, -4, 1]]
[7552887427549, [1, -4, -8, 27, 23, -41, -16, 24, 1, -5, 1]]
[7560909431137, [1, -13, 0, 64, -30, -59, 31, 19, -10, -2, 1]]
[7565133705317, [-1, 0, 14, -8, -40, 15, 39, -4, -12, 0, 1]]
[7567231578125, [-1, -6, 6, 42, -15, -59, 16, 26, -8, -3, 1]]
[7567325739388, [-2, -12, 33, 37, -71, -47, 43, 18, -11, -2, 1]]
[7579191001429, [1, 7, 2, -59, -76, 24, 54, -2, -13, 0, 1]]
[7597908878125, [-9, -21, 26, 63, -33, -62, 23, 24, -8, -3, 1]]
[7603092548837, [-1, -6, 13, 37, -25, -50, 18, 22, -7, -3, 1]]
[7617796379153, [1, -1, -12, 12, 37, -42, -15, 27, -3, -4, 1]]
[7618191758185, [-1, 3, 27, 16, -49, -27, 36, 11, -11, -1, 1]]
[7621940715625, [5, -25, -11, 95, 26, -90, -10, 35, -2, -5, 1]]
[7623696325213, [-1, -8, 6, 36, -18, -46, 18, 21, -7, -3, 1]]
