[[20134393, [1, -4, -4, 10, 4, -6, -1, 1]],
 [25164057, [1, -2, -10, 7, 9, -5, -2, 1]],
 [25367689, [1, -3, -4, 9, 4, -6, -1, 1]],
 [28118369, [1, -3, -9, 7, 9, -5, -2, 1]],
 [30653489, [-1, -3, 3, 11, -1, -7, 0, 1]],
 [31056073, [1, 0, -9, 1, 11, -3, -3, 1]],
 [32354821, [1, -1, -8, 6, 9, -5, -2, 1]],
 [32567681, [-1, -3, 3, 10, -2, -7, 0, 1]],
 [34554953, [1, 0, -8, 5, 9, -5, -2, 1]],
 [35269513, [1, -1, -10, 5, 10, -5, -2, 1]],
 [39610073, [1, -3, -3, 10, 3, -7, -1, 1]],
 [39829313, [-1, -6, -5, 13, 5, -7, -1, 1]],
 [41153941, [1, -7, -6, 13, 5, -7, -1, 1]],
 [41455873, [-5, -12, 5, 19, -1, -8, 0, 1]],
 [41783473, [-1, -4, 4, 13, -1, -7, 0, 1]],
 [42855577, [-1, -4, 2, 14, 3, -7, -1, 1]],
 [43242544, [-1, -8, -2, 15, 4, -7, -1, 1]],
 [43723857, [3, -6, -10, 12, 7, -7, -1, 1]],
 [46643776, [-1, -5, -1, 13, 3, -7, -1, 1]],
 [49960857, [-1, -5, 0, 13, 0, -7, 0, 1]],
 [52011969, [1, 4, -13, -1, 13, -3, -3, 1]],
 [55073801, [1, -3, -6, 8, 8, -6, -2, 1]],
 [55078981, [-1, -5, 0, 12, 2, -7, -1, 1]],
 [55311169, [1, -2, -11, 10, 8, -7, -1, 1]],
 [57936017, [1, -3, -5, 11, 6, -7, -1, 1]],
 [58355513, [1, -1, -7, 5, 9, -5, -2, 1]],
 [61136809, [-1, -3, 5, 12, -2, -7, 0, 1]],
 [63128113, [1, -1, -7, 6, 8, -5, -2, 1]],
 [65698681, [1, -4, -1, 12, 1, -8, -1, 1]],
 [65845693, [-1, -4, 3, 11, -2, -7, 0, 1]],
 [67159593, [1, 0, -10, 2, 11, -3, -3, 1]],
 [68249369, [-1, -4, 1, 12, 2, -7, -1, 1]],
 [69012929, [-1, -6, -6, 11, 8, -6, -2, 1]],
 [69678137, [1, 1, -9, -2, 13, -3, -3, 1]],
 [69836041, [1, 8, -20, 0, 16, -4, -3, 1]],
 [70244521, [-1, -6, 2, 13, -1, -7, 0, 1]],
 [75602713, [1, -1, -13, 9, 10, -6, -2, 1]],
 [75630121, [7, -7, -18, 16, 9, -8, -1, 1]],
 [77004029, [-2, -9, -2, 15, 4, -7, -1, 1]],
 [78373945, [-1, -4, 1, 13, 3, -7, -1, 1]],
 [78534833, [-1, -8, -4, 14, 5, -7, -1, 1]],
 [79044293, [1, -2, -7, 7, 8, -5, -2, 1]],
 [79397476, [2, 2, -12, -1, 13, -3, -3, 1]],
 [79438057, [-1, -3, 4, 10, -4, -8, 0, 1]],
 [80750473, [1, -3, -5, 9, 6, -7, -1, 1]],
 [81323773, [2, 1, -12, 1, 12, -3, -3, 1]],
 [81437164, [-1, -4, 2, 12, -1, -7, 0, 1]],
 [82916101, [1, -6, -7, 12, 8, -6, -2, 1]],
 [83266101, [-4, -10, 5, 18, -1, -8, 0, 1]],
 [83934569, [1, -13, -1, 19, 0, -8, 0, 1]],
 [84506041, [-1, -2, 10, 16, -3, -8, 0, 1]],
 [84824233, [1, -1, -12, 13, 8, -8, -1, 1]],
 [86278889, [-1, -7, -3, 13, 4, -7, -1, 1]],
 [88337321, [-1, -3, 4, 11, -2, -7, 0, 1]],
 [88383761, [1, 2, -9, -6, 17, -4, -3, 1]],
 [88537609, [-1, -6, -4, 12, 5, -7, -1, 1]],
 [89211436, [2, 0, -11, 1, 12, -3, -3, 1]],
 [89781929, [-1, -8, 5, 15, -3, -8, 0, 1]],
 [89916129, [1, -1, -10, 15, 6, -8, -1, 1]],
 [91138133, [1, -5, -10, 11, 9, -6, -2, 1]],
 [92507681, [-7, -26, -3, 27, 5, -9, -1, 1]],
 [93364693, [1, 3, -12, -1, 13, -3, -3, 1]],
 [93679973, [1, 1, -17, 2, 15, -4, -3, 1]],
 [95402689, [5, -4, -15, 9, 11, -6, -2, 1]],
 [96309817, [-1, -6, -1, 14, 4, -7, -1, 1]],
 [96703369, [1, -3, -4, 14, 0, -8, 0, 1]],
 [97212489, [-1, -7, -5, 14, 5, -7, -1, 1]],
 [97824733, [-1, 9, -22, 6, 15, -7, -2, 1]],
 [98167689, [-1, 9, -18, -1, 16, -4, -3, 1]],
 [98295577, [-1, -2, 8, 18, 2, -8, -1, 1]],
 [99230049, [1, -4, -2, 12, 3, -7, -1, 1]],
 [100069857, [-1, -5, 2, 17, 4, -8, -1, 1]],
 [100269173, [-1, -8, -9, 12, 9, -6, -2, 1]],
 [100660489, [1, 4, -22, 14, 10, -8, -1, 1]],
 [100907057, [-1, -6, -6, 10, 9, -6, -2, 1]],
 [101109161, [-1, -4, 2, 11, -1, -7, 0, 1]],
 [101206153, [1, -8, -8, 18, 6, -8, -1, 1]],
 [102872809, [1, -1, -7, 8, 7, -7, -1, 1]],
 [105058897, [3, -13, -1, 19, 0, -8, 0, 1]],
 [105391453, [1, -3, -4, 13, 3, -8, -1, 1]],
 [105486613, [1, -2, -6, 11, 5, -7, -1, 1]],
 [105537053, [-1, -10, -2, 17, 3, -8, -1, 1]],
 [105708673, [13, 8, -35, 0, 23, -6, -3, 1]],
 [107164437, [1, -5, -4, 13, 5, -7, -1, 1]],
 [107680489, [1, -6, 3, 17, -1, -8, 0, 1]],
 [107704601, [1, -1, -8, 4, 12, -6, -2, 1]],
 [108526193, [3, -2, -13, 10, 12, -9, -1, 1]],
 [109652617, [1, 1, -11, 1, 12, -3, -3, 1]],
 [110251433, [1, -7, -5, 14, 5, -7, -1, 1]],
 [110921461, [1, 2, -17, 15, 8, -8, -1, 1]],
 [112831453, [1, -4, -5, 11, 6, -8, -1, 1]],
 [112873193, [-1, -2, 6, 10, -5, -8, 0, 1]],
 [113269137, [1, -7, 3, 15, -2, -8, 0, 1]],
 [114059549, [-1, -12, -8, 19, 6, -8, -1, 1]],
 [114075673, [1, -1, -9, 2, 11, -3, -3, 1]],
 [114477761, [1, 3, -12, 1, 14, -4, -3, 1]],
 [117757033, [-1, -3, 4, 15, 2, -8, -1, 1]],
 [117806905, [5, -11, -10, 19, 6, -8, -1, 1]],
 [118768997, [1, 1, -15, 5, 13, -6, -2, 1]],
 [118870813, [-4, -13, 7, 20, -3, -9, 0, 1]],
 [118892393, [-5, -16, -3, 20, 5, -8, -1, 1]],
 [119084961, [1, -6, -6, 14, 5, -7, -1, 1]],
 [119292949, [-1, -6, -5, 12, 8, -6, -2, 1]],
 [119605529, [1, 0, -9, 0, 12, -3, -3, 1]],
 [120077752, [-1, -9, -5, 16, 5, -8, -1, 1]],
 [120230212, [2, -10, 0, 17, -1, -8, 0, 1]],
 [120275469, [2, -3, -14, 5, 16, -5, -3, 1]],
 [120299213, [7, -8, -16, 15, 9, -8, -1, 1]],
 [120919849, [1, 2, -10, -2, 13, -3, -3, 1]],
 [124666793, [1, -4, -7, 11, 9, -6, -2, 1]],
 [124893376, [1, -1, -8, 10, 8, -8, -1, 1]],
 [125439409, [1, 3, -8, -9, 18, -4, -3, 1]],
 [125834753, [-1, -5, 3, 13, -1, -7, 0, 1]],
 [126039593, [3, -7, -7, 14, 5, -7, -1, 1]],
 [126123101, [1, 1, -11, 7, 11, -8, -1, 1]],
 [126284149, [1, -15, -9, 20, 6, -8, -1, 1]],
 [126993449, [1, -6, -8, 12, 8, -8, -1, 1]],
 [128513177, [-3, -11, 6, 18, -2, -8, 0, 1]],
 [129629693, [1, -1, -8, 8, 8, -7, -1, 1]],
 [129673145, [5, 5, -22, 1, 16, -4, -3, 1]],
 [130548149, [1, -6, -1, 13, 0, -7, 0, 1]],
 [130696737, [3, -5, -9, 13, 6, -7, -1, 1]],
 [130840257, [3, -6, -7, 13, 5, -7, -1, 1]],
 [132205961, [1, 3, -17, 6, 14, -7, -2, 1]],
 [134317789, [-1, -5, -2, 12, 4, -7, -1, 1]],
 [134407793, [-1, -6, 0, 14, 3, -7, -1, 1]],
 [134589773, [1, 2, -19, 13, 10, -8, -1, 1]],
 [135384281, [9, -9, -20, 15, 12, -7, -2, 1]],
 [135877157, [-4, -10, 5, 20, 1, -9, -1, 1]],
 [136997732, [-2, -12, 4, 19, -1, -8, 0, 1]],
 [137185481, [1, -3, -11, 12, 7, -7, -1, 1]],
 [138031669, [1, -7, -4, 14, 4, -7, -1, 1]],
 [138391873, [-1, -5, 1, 14, 3, -7, -1, 1]],
 [138393961, [5, -3, -16, 8, 12, -6, -2, 1]],
 [139439152, [-1, 10, -26, 17, 10, -9, -1, 1]],
 [140955709, [2, -5, -5, 12, 4, -7, -1, 1]],
 [141254637, [1, 2, -8, -7, 17, -4, -3, 1]],
 [141408053, [-1, -5, 2, 12, -1, -7, 0, 1]],
 [141524857, [1, 1, -11, 1, 14, -6, -2, 1]],
 [141863965, [1, -1, -10, 3, 13, -6, -2, 1]],
 [142034745, [3, -21, 2, 26, -2, -10, 0, 1]],
 [142394852, [4, -16, -8, 23, 5, -9, -1, 1]],
 [142933849, [1, 4, -18, 9, 13, -7, -2, 1]],
 [143148924, [4, -8, -11, 16, 10, -7, -2, 1]],
 [143535349, [4, -2, -15, 5, 13, -4, -3, 1]],
 [144038117, [6, -5, -16, 10, 11, -6, -2, 1]],
 [144460969, [1, -5, -1, 12, 0, -7, 0, 1]],
 [145680121, [1, -1, -8, 11, 6, -8, -1, 1]],
 [145993357, [-4, -14, -3, 19, 5, -8, -1, 1]],
 [147049181, [-1, -6, -5, 13, 6, -8, -1, 1]],
 [147702417, [-1, -6, -4, 14, 9, -9, -1, 1]],
 [148161481, [-1, 7, -11, -9, 20, -5, -3, 1]],
 [148466153, [1, -5, -3, 12, 3, -7, -1, 1]],
 [149324209, [1, -3, -5, 11, 8, -6, -2, 1]],
 [150290929, [-1, -5, 0, 16, 5, -8, -1, 1]],
 [150988412, [2, -6, -9, 12, 9, -6, -2, 1]],
 [152078345, [-1, -3, 4, 13, 0, -8, -1, 1]],
 [152173433, [1, -7, -7, 13, 6, -7, -1, 1]],
 [153034553, [1, 3, -16, 3, 14, -4, -3, 1]],
 [153113897, [-1, -10, 0, 17, 0, -8, 0, 1]],
 [153233084, [1, -7, 0, 16, -1, -8, 0, 1]],
 [153552688, [1, 5, -19, 6, 13, -6, -2, 1]],
 [154050496, [1, -1, -9, 13, 6, -8, -1, 1]],
 [154134224, [1, -1, -11, 6, 11, -6, -2, 1]],
 [155205412, [-1, -6, -2, 14, 4, -7, -1, 1]],
 [155333693, [1, 1, -10, 0, 12, -3, -3, 1]],
 [155944249, [-1, -4, 2, 12, 0, -8, -1, 1]],
 [156104017, [1, 0, -15, 9, 11, -6, -2, 1]],
 [156519164, [4, -12, -7, 19, 5, -8, -1, 1]],
 [156644921, [-1, -6, 3, 17, -1, -8, 0, 1]],
 [156966649, [1, 0, -10, 10, 7, -7, -1, 1]],
 [157512697, [1, 0, -11, 2, 14, -5, -3, 1]],
 [158439593, [-1, -5, -1, 15, 0, -8, 0, 1]],
 [158891833, [5, -6, -14, 11, 10, -6, -2, 1]],
 [159049881, [1, 2, -8, -6, 19, -5, -3, 1]],
 [159516145, [1, 4, -22, 0, 19, -5, -3, 1]],
 [159543849, [3, -6, -14, 10, 11, -6, -2, 1]],
 [160359777, [1, 2, -12, 5, 12, -6, -2, 1]],
 [160481173, [-1, -6, -5, 11, 8, -7, -2, 1]],
 [161166105, [1, -2, -8, 7, 13, -7, -2, 1]],
 [161681641, [1, -4, -4, 15, 0, -8, 0, 1]],
 [161748817, [-1, -9, -15, 8, 15, -5, -3, 1]],
 [161982461, [-1, -2, 7, 14, -3, -8, 0, 1]],
 [162568573, [1, -1, -18, 15, 9, -8, -1, 1]],
 [163217701, [4, -6, -13, 13, 9, -8, -1, 1]],
 [163218257, [1, -13, -4, 19, 4, -8, -1, 1]],
 [163571365, [-1, -5, -1, 14, 6, -8, -1, 1]],
 [164162332, [2, -4, -9, 13, 6, -7, -1, 1]],
 [164756465, [5, 0, -17, 2, 15, -4, -3, 1]],
 [165106937, [1, 0, -11, 11, 7, -7, -1, 1]],
 [165616793, [1, -2, -9, 4, 11, -4, -3, 1]],
 [165768973, [5, -2, -16, 5, 13, -4, -3, 1]],
 [165986817, [-3, -12, -5, 18, 8, -9, -1, 1]],
 [167227801, [1, -7, -19, 13, 13, -7, -2, 1]],
 [167261749, [-1, 10, -21, -2, 21, -8, -2, 1]],
 [167517397, [2, -5, -10, 11, 9, -8, -1, 1]],
 [167864241, [1, -4, -9, 11, 7, -7, -1, 1]],
 [168916901, [-1, -2, 9, 16, -2, -8, 0, 1]],
 [168985744, [1, 0, -10, 7, 11, -6, -2, 1]],
 [169096381, [1, -4, -3, 13, 4, -7, -1, 1]],
 [169185089, [9, -14, -15, 24, 7, -10, -1, 1]],
 [169352057, [3, 2, -18, 6, 13, -6, -2, 1]],
 [169560089, [-1, -5, -1, 12, 3, -7, -1, 1]],
 [169622049, [1, 1, -15, 12, 12, -7, -2, 1]],
 [169820669, [1, -5, -6, 12, 6, -7, -1, 1]],
 [170080720, [2, -14, -6, 20, 5, -8, -1, 1]],
 [170765865, [-1, -7, -6, 17, 6, -8, -1, 1]],
 [171553549, [2, -1, -10, 6, 11, -6, -2, 1]],
 [171682273, [-1, -4, 1, 14, 5, -8, -1, 1]],
 [171817769, [1, -4, -3, 11, 3, -7, -1, 1]],
 [172145621, [-2, -5, 15, 21, -4, -9, 0, 1]],
 [172345121, [-1, -7, -10, 11, 12, -7, -2, 1]],
 [173349952, [2, -1, -12, 5, 12, -6, -2, 1]],
 [173718173, [1, 6, -18, -1, 21, -6, -3, 1]],
 [174187096, [1, -4, -7, 11, 8, -6, -2, 1]],
 [174368473, [1, -4, -8, 9, 10, -6, -2, 1]],
 [174751145, [1, 5, -25, 15, 12, -9, -1, 1]],
 [175422837, [-1, -4, 3, 12, -1, -7, 0, 1]],
 [175929793, [5, -13, -19, 16, 12, -7, -2, 1]],
 [176256933, [2, -3, -8, 11, 6, -7, -1, 1]],
 [176622892, [-2, -10, 3, 18, -1, -8, 0, 1]],
 [176665381, [-2, -9, 7, 18, -2, -8, 0, 1]],
 [177548993, [1, -3, -13, 7, 12, -6, -2, 1]],
 [177761649, [1, -6, -19, 5, 17, -5, -3, 1]],
 [178799897, [1, -3, -9, 7, 10, -6, -2, 1]],
 [179711353, [4, -8, -9, 16, 6, -8, -1, 1]],
 [179996273, [1, -3, -4, 11, 6, -8, -1, 1]],
 [180093409, [-1, -8, 6, 17, -2, -8, 0, 1]],
 [180134821, [1, 1, -10, 5, 11, -6, -2, 1]],
 [180612209, [1, -4, -1, 13, -1, -8, 0, 1]],
 [180954601, [-3, -10, -1, 18, 4, -9, -1, 1]],
 [181815209, [1, -6, -7, 12, 6, -7, -1, 1]],
 [183195393, [-3, -15, 5, 22, -2, -9, 0, 1]],
 [183863281, [-1, -6, -4, 16, 4, -8, -1, 1]],
 [184035564, [2, 0, -13, 5, 13, -4, -3, 1]],
 [184420361, [3, -5, -12, 12, 9, -8, -1, 1]],
 [184488041, [1, -4, -10, 6, 12, -4, -3, 1]],
 [185560477, [2, -3, -9, 8, 10, -6, -2, 1]],
 [185698501, [-7, -16, 10, 24, -2, -9, 0, 1]],
 [185786944, [1, -5, -7, 13, 9, -9, -1, 1]],
 [186254025, [1, -3, -15, 8, 15, -5, -3, 1]],
 [186832669, [1, -7, -5, 18, 5, -8, -1, 1]],
 [187391161, [-1, 11, -20, -1, 16, -4, -3, 1]],
 [187432237, [-2, -5, 6, 18, 2, -8, -1, 1]],
 [187501381, [2, -7, -8, 13, 6, -7, -1, 1]],
 [189424073, [-1, -5, -1, 13, 4, -7, -1, 1]],
 [189570517, [1, -1, -10, 11, 7, -7, -1, 1]],
 [189748901, [-3, -13, 4, 19, -1, -8, 0, 1]],
 [190046581, [1, -1, -15, 9, 11, -6, -2, 1]],
 [190058721, [3, -12, -7, 18, 5, -8, -1, 1]],
 [190128472, [-2, -4, 7, 12, -6, -9, 0, 1]],
 [190327349, [4, -15, -10, 20, 6, -8, -1, 1]],
 [191162437, [-2, -9, -4, 17, 8, -9, -1, 1]],
 [191396944, [4, -3, -15, 6, 13, -4, -3, 1]],
 [191441869, [1, 0, -10, 7, 13, -5, -3, 1]],
 [191581921, [-1, -8, -3, 14, 4, -7, -1, 1]],
 [191924425, [1, -1, -11, 13, 11, -7, -2, 1]],
 [192100033, [1, -1, -10, 13, 10, -7, -2, 1]],
 [192271153, [1, -5, -9, 13, 6, -7, -1, 1]],
 [192324169, [-1, 8, -18, 7, 13, -7, -2, 1]],
 [193250913, [3, -9, -2, 16, 0, -8, 0, 1]],
 [194141653, [1, 9, -21, 0, 16, -4, -3, 1]],
 [194921381, [1, -3, -8, 8, 10, -5, -3, 1]],
 [195302797, [4, -3, -16, 10, 11, -6, -2, 1]],
 [195402489, [1, -8, -10, 12, 9, -6, -2, 1]],
 [195476041, [-1, -4, 1, 12, 1, -8, -1, 1]],
 [195507881, [1, 7, -14, -7, 18, -4, -3, 1]],
 [195609152, [2, -4, -10, 10, 10, -6, -2, 1]],
 [195805801, [1, 0, -12, 14, 6, -8, -1, 1]],
 [196058176, [2, 2, -18, 8, 12, -6, -2, 1]],
 [197276649, [1, -1, -8, 8, 10, -6, -2, 1]],
 [198180313, [1, 3, -18, 14, 9, -8, -1, 1]],
 [199871953, [-1, -5, 7, 17, -2, -8, 0, 1]],
 [200018349, [2, -7, -1, 16, 0, -8, 0, 1]],
 [201507145, [1, -2, -19, 7, 15, -5, -3, 1]],
 [201921757, [1, -11, -11, 18, 7, -8, -1, 1]],
 [202782656, [2, -5, -8, 11, 8, -6, -2, 1]],
 [203445849, [1, 1, -16, 3, 14, -4, -3, 1]],
 [204709201, [1, -2, -6, 8, 7, -7, -1, 1]],
 [204815881, [1, -3, -7, 10, 7, -7, -1, 1]],
 [204909928, [1, -2, -8, 15, 6, -8, -1, 1]],
 [205369693, [1, 1, -11, 2, 14, -4, -3, 1]],
 [205383993, [1, -2, -7, 6, 11, -4, -3, 1]],
 [205488133, [2, -3, -13, 10, 10, -6, -2, 1]],
 [205610401, [3, 5, -22, 5, 16, -7, -2, 1]],
 [205959089, [-1, -6, -5, 16, 8, -9, -1, 1]],
 [205978737, [1, -6, -3, 14, 4, -7, -1, 1]],
 [205980641, [-1, -3, 5, 15, -2, -8, 0, 1]],
 [206954341, [-1, -11, -18, 8, 16, -5, -3, 1]],
 [207263032, [2, -4, -11, 8, 11, -6, -2, 1]],
 [207556096, [-4, -9, 6, 17, -2, -8, 0, 1]],
 [207650821, [-4, -15, -7, 18, 9, -7, -2, 1]],
 [209718865, [1, -13, -10, 18, 7, -8, -1, 1]],
 [209905513, [1, -12, 4, 23, -1, -9, 0, 1]],
 [209938493, [-1, 0, 15, 20, -3, -9, 0, 1]],
 [210499909, [1, -3, -4, 10, 4, -7, -1, 1]],
 [212185813, [7, -12, -14, 19, 7, -8, -1, 1]],
 [212581793, [1, -5, -6, 12, 8, -6, -2, 1]],
 [213488993, [1, 0, -12, 8, 11, -6, -2, 1]],
 [213528877, [-4, -2, 23, 22, -7, -10, 0, 1]],
 [213873729, [3, -6, -11, 11, 9, -6, -2, 1]]]
