[[282300416, [-1, 2, 7, -12, -8, 14, 0, -4, 1]],
 [309593125, [-1, 9, 6, -23, -5, 17, -1, -4, 1]],
 [324000000, [1, 0, -8, 0, 14, 0, -7, 0, 1]],
 [410338673, [1, 4, -10, -10, 15, 6, -7, -1, 1]],
 [432640000, [-1, 4, 2, -18, 4, 16, -7, -2, 1]],
 [442050625, [-1, 11, -5, -36, 17, 26, -12, -2, 1]],
 [456768125, [-1, 9, -8, -18, 14, 11, -7, -2, 1]],
 [483345053, [1, 0, -9, -3, 15, 4, -7, -1, 1]],
 [494613125, [1, 1, -7, -4, 13, 4, -7, -1, 1]],
 [582918125, [1, 2, -6, -9, 11, 9, -6, -2, 1]],
 [656505625, [1, 3, -4, -13, 5, 13, -4, -3, 1]],
 [661518125, [1, 2, -10, -7, 15, 5, -7, -1, 1]],
 [707295133, [1, -4, -13, 7, 19, -2, -8, 0, 1]],
 [733968125, [1, 2, -7, -11, 11, 10, -6, -2, 1]],
 [740605625, [1, 4, -14, -12, 21, 8, -9, -1, 1]],
 [803680625, [-1, 14, -14, -24, 22, 12, -9, -2, 1]],
 [852038125, [1, 0, -10, 5, 17, -5, -10, 0, 1]],
 [877268125, [1, 7, -1, -25, 5, 20, -6, -3, 1]],
 [898293125, [1, 1, -9, -10, 15, 10, -9, -1, 1]],
 [1000118125, [-1, 7, -1, -19, 5, 14, -4, -3, 1]],
 [1024000000, [1, 0, -12, 0, 19, 0, -8, 0, 1]],
 [1032588125, [-1, -9, -17, 9, 23, -2, -9, 0, 1]],
 [1064390625, [1, 0, -17, 0, 44, 0, -13, 0, 1]],
 [1077044573, [-1, 5, -2, -17, 16, 8, -8, -1, 1]],
 [1095205625, [-1, 8, 2, -23, 2, 18, -5, -3, 1]],
 [1098290293, [-1, 5, 7, -23, 1, 16, -4, -3, 1]],
 [1104338125, [-1, 17, -9, -31, 17, 15, -8, -2, 1]],
 [1114390153, [1, 0, -10, 3, 16, -2, -8, 0, 1]],
 [1121463125, [1, 5, 0, -18, 2, 15, -4, -3, 1]],
 [1136700613, [1, 1, -8, -4, 14, 4, -7, -1, 1]],
 [1142440000, [1, 4, -5, -15, 8, 15, -5, -3, 1]],
 [1152784549, [-1, 4, 4, -16, -3, 15, -1, -4, 1]],
 [1153988125, [-1, 6, -5, -16, 12, 11, -7, -2, 1]],
 [1166547493, [1, 3, -9, -9, 14, 6, -7, -1, 1]],
 [1183423341, [-1, 10, -8, -20, 17, 9, -8, -1, 1]],
 [1202043125, [-1, 2, 9, -21, 0, 16, -4, -3, 1]],
 [1225026133, [-1, 2, 9, -17, -6, 18, -4, -3, 1]],
 [1243893125, [1, -2, -12, -1, 18, 3, -8, -1, 1]],
 [1255718125, [-1, 10, 13, -41, 10, 19, -8, -2, 1]],
 [1261609229, [-1, 6, -1, -19, 9, 12, -6, -2, 1]],
 [1292203125, [1, 8, 6, -21, -6, 17, -1, -4, 1]],
 [1299600812, [1, 3, -8, -13, 12, 10, -6, -2, 1]],
 [1317743125, [-1, 8, -12, -14, 19, 7, -8, -1, 1]],
 [1318279381, [1, 1, -9, -6, 14, 5, -7, -1, 1]],
 [1326417388, [2, 4, -9, -13, 12, 10, -6, -2, 1]],
 [1348097653, [1, 6, -6, -17, 11, 11, -6, -2, 1]],
 [1358954496, [1, 0, -16, 0, 20, 0, -8, 0, 1]],
 [1359341129, [2, -1, -12, 2, 18, -1, -8, 0, 1]],
 [1377663125, [1, 5, -22, -5, 33, 0, -12, 0, 1]],
 [1381875749, [-1, 5, 1, -18, 4, 14, -4, -3, 1]],
 [1391339501, [-1, 9, 0, -22, 4, 15, -4, -3, 1]],
 [1405817381, [-1, -7, -12, 6, 20, -1, -9, 0, 1]],
 [1410504129, [1, -1, -15, 1, 22, -1, -9, 0, 1]],
 [1410894053, [1, 3, -8, -11, 12, 9, -6, -2, 1]],
 [1413480448, [-1, 4, 2, -16, -1, 16, -2, -4, 1]],
 [1424875717, [1, 1, -10, -6, 15, 5, -7, -1, 1]],
 [1442599461, [1, 8, -2, -21, 4, 15, -4, -3, 1]],
 [1449693125, [1, 11, -14, -20, 20, 10, -9, -1, 1]],
 [1459172469, [-1, 6, 8, -21, -6, 17, -1, -4, 1]],
 [1460018125, [1, 1, -10, -14, 11, 13, -5, -3, 1]],
 [1462785589, [-1, 6, -3, -17, 10, 11, -6, -2, 1]],
 [1472275625, [-1, 13, -12, -35, 13, 19, -6, -3, 1]],
 [1480160000, [11, 0, -31, 0, 27, 0, -9, 0, 1]],
 [1503813125, [-1, 14, 15, -49, 7, 24, -7, -3, 1]],
 [1504990000, [1, -1, -13, -7, 18, 9, -7, -2, 1]],
 [1534132224, [1, -4, -12, 8, 21, -4, -10, 0, 1]],
 [1540730624, [1, 2, -11, -2, 18, 0, -8, 0, 1]],
 [1542043133, [1, 2, -11, -1, 17, 0, -8, 0, 1]],
 [1568928637, [1, 3, -5, -13, 9, 11, -6, -2, 1]],
 [1571093125, [1, 7, -28, -20, 30, 9, -10, -1, 1]],
 [1597988125, [1, 3, -6, -14, 14, 9, -8, -1, 1]],
 [1601440000, [1, -2, -13, 4, 21, -2, -9, 0, 1]],
 [1621897976, [1, 5, -7, -16, 11, 11, -6, -2, 1]],
 [1623655625, [-19, 61, -20, -61, 35, 17, -12, -1, 1]],
 [1632593125, [-1, 3, 7, -23, 2, 18, -5, -3, 1]],
 [1635340493, [1, 0, -10, -7, 16, 9, -7, -2, 1]],
 [1653760901, [-1, 7, -4, -17, 10, 11, -6, -2, 1]],
 [1665705625, [-19, 51, 3, -70, 25, 22, -10, -2, 1]],
 [1673644013, [-1, -7, -11, 10, 21, -3, -9, 0, 1]],
 [1697203125, [1, 3, -5, -12, 9, 12, -5, -3, 1]],
 [1700021833, [-1, 4, 6, -22, 1, 16, -4, -3, 1]],
 [1702265625, [1, 1, -8, -7, 15, 7, -8, -1, 1]],
 [1712153125, [-1, 6, -5, -15, 16, 8, -8, -1, 1]],
 [1715453917, [1, 4, -5, -17, 15, 9, -8, -1, 1]],
 [1735088125, [1, 19, -6, -42, 18, 19, -9, -2, 1]],
 [1775963125, [1, 3, -11, -11, 17, 10, -7, -2, 1]],
 [1781343125, [-1, 12, -34, -2, 35, -1, -11, 0, 1]],
 [1781343125, [1, 23, -28, -29, 30, 13, -10, -2, 1]],
 [1787650625, [-1, 19, -16, -33, 27, 15, -12, -1, 1]],
 [1798549237, [3, 2, -18, -6, 21, 5, -8, -1, 1]],
 [1819226509, [1, -3, -18, 3, 23, -1, -9, 0, 1]],
 [1823393125, [-1, 22, -9, -39, 25, 13, -10, -1, 1]],
 [1823954309, [1, 1, -13, -2, 20, 4, -8, -1, 1]],
 [1828325753, [1, 4, -12, -9, 19, 6, -8, -1, 1]],
 [1840834873, [1, 3, -8, -11, 14, 10, -7, -2, 1]],
 [1844418125, [-1, -16, -25, 17, 37, -2, -12, 0, 1]],
 [1870229248, [1, -4, -12, 6, 20, -2, -9, 0, 1]],
 [1878488125, [-11, 25, 14, -44, 2, 23, -6, -3, 1]],
 [1879038125, [5, -5, -31, -4, 28, 5, -9, -1, 1]],
 [1882030625, [-1, -1, 19, -27, -5, 21, -5, -3, 1]],
 [1891678448, [-1, 4, 3, -17, 2, 17, -5, -3, 1]],
 [1915010701, [1, 2, -7, -7, 14, 6, -8, -1, 1]],
 [1921365469, [1, 0, -12, 1, 19, 1, -9, -1, 1]],
 [1928580625, [1, 2, -11, -15, 16, 11, -7, -2, 1]],
 [1929042541, [1, 5, -8, -14, 14, 9, -8, -1, 1]],
 [1933869832, [-1, 3, 5, -15, -6, 16, -1, -4, 1]],
 [1948160000, [-1, 6, -3, -20, 8, 18, -4, -4, 1]],
 [1954614041, [2, 5, -9, -14, 12, 10, -6, -2, 1]],
 [1965663125, [5, 5, -19, -12, 22, 7, -9, -1, 1]],
 [1984727933, [-1, 5, -3, -14, 14, 8, -8, -1, 1]],
 [1985200625, [-1, 7, -9, -16, 17, 10, -8, -2, 1]],
 [1985577589, [-1, 5, -1, -18, 7, 14, -5, -3, 1]],
 [1989018125, [1, 9, -3, -27, 13, 14, -7, -2, 1]],
 [1994682269, [1, -1, -13, 3, 19, -1, -8, 0, 1]],
 [1995183493, [-1, 4, 8, -29, 10, 15, -7, -2, 1]],
 [1999255625, [1, 8, -12, -16, 18, 8, -8, -1, 1]],
 [2020229333, [1, 3, -6, -13, 11, 10, -6, -2, 1]],
 [2037863125, [1, 1, -9, -6, 17, 9, -7, -2, 1]],
 [2041247081, [1, 5, -7, -14, 11, 10, -6, -2, 1]],
 [2051578125, [1, 6, -11, -28, 14, 19, -9, -2, 1]],
 [2062798901, [-1, 6, -7, -11, 16, 6, -8, -1, 1]],
 [2068038125, [1, 3, -6, -12, 13, 11, -9, -1, 1]],
 [2068190000, [1, 4, -7, -15, 10, 13, -5, -3, 1]],
 [2069158249, [1, -2, -9, 6, 19, -3, -9, 0, 1]],
 [2084926409, [-1, 8, -8, -18, 18, 8, -8, -1, 1]],
 [2121175625, [5, 10, -16, -21, 17, 12, -7, -2, 1]],
 [2127515625, [1, -36, 114, -102, -1, 36, -9, -3, 1]],
 [2127955625, [1, 4, -9, -10, 16, 7, -8, -1, 1]],
 [2144579840, [1, 6, 2, -18, -4, 16, -1, -4, 1]],
 [2147483648, [2, 0, -16, 0, 20, 0, -8, 0, 1]],
 [2152960000, [16, 0, -56, 0, 52, 0, -14, 0, 1]],
 [2178781184, [1, -2, -9, 4, 16, -2, -8, 0, 1]],
 [2215155625, [1, -13, 44, -45, -5, 25, -6, -3, 1]],
 [2233268125, [1, 9, 5, -25, -2, 20, -5, -3, 1]],
 [2241440000, [1, -4, -6, 20, 23, -6, -10, 0, 1]],
 [2246268125, [-1, 4, 3, -23, 11, 16, -8, -2, 1]],
 [2256866749, [1, 7, -7, -17, 11, 11, -6, -2, 1]],
 [2262505625, [4, -6, -21, 9, 25, -2, -9, 0, 1]],
 [2265893125, [-1, 15, -4, -31, 10, 18, -6, -3, 1]],
 [2266938253, [1, 5, -4, -16, 6, 13, -4, -3, 1]],
 [2318650669, [-1, 6, -1, -23, 3, 18, -5, -3, 1]],
 [2320488125, [-5, 20, -11, -29, 23, 10, -9, -1, 1]],
 [2328532629, [-1, -9, -19, 0, 24, 5, -9, -1, 1]],
 [2349018125, [-19, 55, 1, -68, 16, 26, -8, -3, 1]],
 [2349018125, [1, -1, -36, -16, 35, 9, -11, -1, 1]],
 [2349018125, [1, -1, -36, -16, 35, 9, -11, -1, 1]],
 [2355328125, [1, 9, -12, -25, 16, 15, -8, -2, 1]],
 [2392768125, [-1, 7, -10, -14, 20, 8, -9, -1, 1]],
 [2393655625, [1, 1, -13, 4, 23, -4, -12, 0, 1]],
 [2399807909, [1, -3, -10, 9, 17, -5, -9, 0, 1]],
 [2417468125, [-1, 10, -25, -5, 29, 0, -10, 0, 1]],
 [2444631757, [-1, 4, 2, -17, 1, 17, -5, -3, 1]],
 [2450570632, [4, 4, -21, -8, 25, 6, -9, -1, 1]],
 [2465278208, [-1, 8, -10, -16, 17, 10, -8, -2, 1]],
 [2470966973, [-1, 2, 13, -31, 8, 16, -7, -2, 1]],
 [2479301533, [1, -2, -13, -1, 20, 4, -8, -1, 1]],
 [2487461149, [1, 3, -6, -14, 16, 10, -9, -1, 1]],
 [2495071701, [-1, 6, 2, -20, 3, 15, -4, -3, 1]],
 [2530613125, [1, 5, -13, -9, 19, 6, -8, -1, 1]],
 [2532975661, [3, 7, -14, -15, 18, 8, -8, -1, 1]],
 [2542485248, [1, -2, -11, 6, 18, -2, -8, 0, 1]],
 [2542908293, [3, -2, -15, 6, 20, -3, -9, 0, 1]],
 [2554755625, [1, 0, -12, -6, 18, 6, -8, -1, 1]],
 [2556640000, [19, 0, -45, 0, 34, 0, -10, 0, 1]]]
